t|posX|posY|posZ|vel|velX|velY|velZ
0.000000|99.999333|8.169455|-0.000000|8.169455|-0.000667|8.169455|-0.000000
1.000000|99.998004|16.338857|-0.000000|8.169401|-0.001328|8.169401|-0.000000
2.000000|99.996035|24.508153|-0.000000|8.169297|-0.001970|8.169296|-0.000000
3.000000|99.993453|32.677300|-0.000000|8.169147|-0.002581|8.169147|-0.000000
4.000000|99.990299|40.846259|-0.000000|8.168960|-0.003155|8.168959|-0.000000
5.000000|99.986615|49.015002|-0.000000|8.168744|-0.003684|8.168743|-0.000000
6.000000|99.982447|57.183508|-0.000000|8.168507|-0.004167|8.168506|-0.000000
7.000000|99.977843|65.351764|-0.000000|8.168258|-0.004604|8.168256|-0.000000
8.000000|99.972848|73.519765|-0.000000|8.168002|-0.004996|8.168000|-0.000000
9.000000|99.967503|81.687508|-0.000000|8.167745|-0.005345|8.167744|-0.000000
10.000000|99.961848|89.854998|-0.000000|8.167492|-0.005655|8.167490|-0.000000
11.000000|99.955918|98.022242|-0.000000|8.167245|-0.005930|8.167243|-0.000000
12.000000|99.949745|106.189246|-0.000000|8.167007|-0.006173|8.167005|-0.000000
13.000000|99.943358|114.356023|-0.000000|8.166779|-0.006388|8.166776|-0.000000
14.000000|99.936779|122.522581|-0.000000|8.166561|-0.006578|8.166558|-0.000000
15.000000|99.930032|130.688932|-0.000000|8.166354|-0.006747|8.166352|-0.000000
16.000000|99.923136|138.855088|-0.000000|8.166159|-0.006897|8.166156|-0.000000
17.000000|99.916106|147.021059|-0.000000|8.165974|-0.007030|8.165971|-0.000000
18.000000|99.908957|155.186854|-0.000000|8.165799|-0.007149|8.165796|-0.000000
19.000000|99.901702|163.352486|-0.000000|8.165634|-0.007255|8.165631|-0.000000
20.000000|99.894352|171.517961|-0.000000|8.165479|-0.007350|8.165476|-0.000000
21.000000|99.886917|179.683291|-0.000000|8.165333|-0.007435|8.165329|-0.000000
22.000000|99.879406|187.848482|-0.000000|8.165195|-0.007512|8.165191|-0.000000
23.000000|99.871825|196.013543|-0.000000|8.165065|-0.007581|8.165061|-0.000000
24.000000|99.864181|204.178482|-0.000000|8.164942|-0.007644|8.164938|-0.000000
25.000000|99.856481|212.343304|-0.000000|8.164826|-0.007700|8.164822|-0.000000
26.000000|99.848729|220.508017|-0.000000|8.164716|-0.007752|8.164713|-0.000000
27.000000|99.840930|228.672626|-0.000000|8.164613|-0.007799|8.164609|-0.000000
28.000000|99.833088|236.837136|-0.000000|8.164514|-0.007842|8.164511|-0.000000
29.000000|99.825207|245.001554|-0.000000|8.164421|-0.007881|8.164418|-0.000000
30.000000|99.817290|253.165883|-0.000000|8.164333|-0.007917|8.164329|-0.000000
31.000000|99.809340|261.330128|-0.000000|8.164249|-0.007950|8.164245|-0.000000
32.000000|99.801360|269.494294|-0.000000|8.164170|-0.007980|8.164166|-0.000000
33.000000|99.793351|277.658384|-0.000000|8.164094|-0.008009|8.164090|-0.000000
34.000000|99.785317|285.822402|-0.000000|8.164022|-0.008034|8.164018|-0.000000
35.000000|99.777258|293.986351|-0.000000|8.163953|-0.008058|8.163949|-0.000000
36.000000|99.769178|302.150234|-0.000000|8.163887|-0.008081|8.163883|-0.000000
37.000000|99.761076|310.314055|-0.000000|8.163825|-0.008101|8.163821|-0.000000
38.000000|99.752956|318.477816|-0.000000|8.163765|-0.008121|8.163761|-0.000000
39.000000|99.744817|326.641520|-0.000000|8.163708|-0.008139|8.163704|-0.000000
40.000000|99.736662|334.805169|-0.000000|8.163653|-0.008155|8.163649|-0.000000
41.000000|99.728491|342.968766|-0.000000|8.163601|-0.008171|8.163597|-0.000000
42.000000|99.720305|351.132312|-0.000000|8.163551|-0.008185|8.163546|-0.000000
43.000000|99.712106|359.295811|-0.000000|8.163502|-0.008199|8.163498|-0.000000
44.000000|99.703894|367.459263|-0.000000|8.163456|-0.008212|8.163452|-0.000000
45.000000|99.695670|375.622670|-0.000000|8.163412|-0.008224|8.163408|-0.000000
46.000000|99.687435|383.786035|-0.000000|8.163369|-0.008235|8.163365|-0.000000
47.000000|99.679189|391.949359|-0.000000|8.163328|-0.008246|8.163324|-0.000000
48.000000|99.670933|400.112643|-0.000000|8.163288|-0.008256|8.163284|-0.000000
49.000000|99.662667|408.275889|-0.000000|8.163250|-0.008266|8.163246|-0.000000
50.000000|99.654393|416.439099|-0.000000|8.163214|-0.008275|8.163209|-0.000000
51.000000|99.646110|424.602273|-0.000000|8.163178|-0.008283|8.163174|-0.000000
52.000000|99.637819|432.765413|-0.000000|8.163144|-0.008291|8.163140|-0.000000
53.000000|99.629520|440.928520|-0.000000|8.163111|-0.008299|8.163107|-0.000000
54.000000|99.621214|449.091595|-0.000000|8.163079|-0.008306|8.163075|-0.000000
55.000000|99.612901|457.254639|-0.000000|8.163049|-0.008313|8.163044|-0.000000
56.000000|99.604582|465.417654|-0.000000|8.163019|-0.008319|8.163015|-0.000000
57.000000|99.596257|473.580640|-0.000000|8.162990|-0.008325|8.162986|-0.000000
58.000000|99.587926|481.743597|-0.000000|8.162962|-0.008331|8.162958|-0.000000
59.000000|99.579589|489.906528|-0.000000|8.162935|-0.008337|8.162931|-0.000000
60.000000|99.571247|498.069433|-0.000000|8.162909|-0.008342|8.162905|-0.000000
61.000000|99.562900|506.232312|-0.000000|8.162884|-0.008347|8.162879|-0.000000
62.000000|99.554548|514.395167|-0.000000|8.162859|-0.008352|8.162855|-0.000000
63.000000|99.546191|522.557998|-0.000000|8.162835|-0.008357|8.162831|-0.000000
64.000000|99.537830|530.720805|-0.000000|8.162812|-0.008361|8.162808|-0.000000
65.000000|99.529465|538.883590|-0.000000|8.162789|-0.008365|8.162785|-0.000000
66.000000|99.521096|547.046354|-0.000000|8.162768|-0.008369|8.162763|-0.000000
67.000000|99.512723|555.209096|-0.000000|8.162746|-0.008373|8.162742|-0.000000
68.000000|99.504346|563.371817|-0.000000|8.162726|-0.008377|8.162721|-0.000000
69.000000|99.495965|571.534519|-0.000000|8.162706|-0.008380|8.162701|-0.000000
70.000000|99.487582|579.697200|-0.000000|8.162686|-0.008384|8.162682|-0.000000
71.000000|99.479194|587.859863|-0.000000|8.162667|-0.008387|8.162663|-0.000000
72.000000|99.470804|596.022507|-0.000000|8.162649|-0.008390|8.162644|-0.000000
73.000000|99.462411|604.185134|-0.000000|8.162631|-0.008393|8.162626|-0.000000
74.000000|99.454015|612.347742|-0.000000|8.162613|-0.008396|8.162609|-0.000000
75.000000|99.445616|620.510334|-0.000000|8.162596|-0.008399|8.162592|-0.000000
76.000000|99.437215|628.672909|-0.000000|8.162579|-0.008402|8.162575|-0.000000
77.000000|99.428810|636.835467|-0.000000|8.162563|-0.008404|8.162559|-0.000000
78.000000|99.420404|644.998010|-0.000000|8.162547|-0.008407|8.162543|-0.000000
79.000000|99.411995|653.160537|-0.000000|8.162532|-0.008409|8.162527|-0.000000
80.000000|99.403584|661.323049|-0.000000|8.162516|-0.008411|8.162512|-0.000000
81.000000|99.395170|669.485547|-0.000000|8.162502|-0.008414|8.162497|-0.000000
82.000000|99.386754|677.648030|-0.000000|8.162487|-0.008416|8.162483|-0.000000
83.000000|99.378337|685.810499|-0.000000|8.162473|-0.008418|8.162469|-0.000000
84.000000|99.369917|693.972954|-0.000000|8.162459|-0.008420|8.162455|-0.000000
85.000000|99.361495|702.135395|-0.000000|8.162446|-0.008422|8.162442|-0.000000
86.000000|99.353072|710.297824|-0.000000|8.162433|-0.008423|8.162429|-0.000000
87.000000|99.344647|718.460240|-0.000000|8.162420|-0.008425|8.162416|-0.000000
88.000000|99.336220|726.622643|-0.000000|8.162407|-0.008427|8.162403|-0.000000
89.000000|99.327791|734.785034|-0.000000|8.162395|-0.008429|8.162391|-0.000000
90.000000|99.319361|742.947412|-0.000000|8.162383|-0.008430|8.162379|-0.000000
91.000000|99.310929|751.109779|-0.000000|8.162371|-0.008432|8.162367|-0.000000
92.000000|99.302495|759.272135|-0.000000|8.162360|-0.008433|8.162355|-0.000000
93.000000|99.294060|767.434479|-0.000000|8.162349|-0.008435|8.162344|-0.000000
94.000000|99.285624|775.596812|-0.000000|8.162338|-0.008436|8.162333|-0.000000
95.000000|99.277186|783.759135|-0.000000|8.162327|-0.008438|8.162322|-0.000000
96.000000|99.268747|791.921446|-0.000000|8.162316|-0.008439|8.162312|-0.000000
97.000000|99.260307|800.083748|-0.000000|8.162306|-0.008440|8.162301|-0.000000
98.000000|99.251865|808.246039|-0.000000|8.162295|-0.008442|8.162291|-0.000000
99.000000|99.243422|816.408320|-0.000000|8.162286|-0.008443|8.162281|-0.000000
100.000000|99.234978|824.570591|-0.000000|8.162276|-0.008444|8.162271|-0.000000
101.000000|99.226533|832.732853|-0.000000|8.162266|-0.008445|8.162262|-0.000000
102.000000|99.218087|840.895105|-0.000000|8.162257|-0.008446|8.162252|-0.000000
103.000000|99.209640|849.057348|-0.000000|8.162247|-0.008447|8.162243|-0.000000
104.000000|99.201191|857.219582|-0.000000|8.162238|-0.008448|8.162234|-0.000000
105.000000|99.192742|865.381807|-0.000000|8.162229|-0.008450|8.162225|-0.000000
106.000000|99.184291|873.544024|-0.000000|8.162221|-0.008451|8.162216|-0.000000
107.000000|99.175840|881.706232|-0.000000|8.162212|-0.008451|8.162208|-0.000000
108.000000|99.167387|889.868431|-0.000000|8.162204|-0.008452|8.162199|-0.000000
109.000000|99.158934|898.030622|-0.000000|8.162195|-0.008453|8.162191|-0.000000
110.000000|99.150480|906.192805|-0.000000|8.162187|-0.008454|8.162183|-0.000000
111.000000|99.142024|914.354980|-0.000000|8.162179|-0.008455|8.162175|-0.000000
112.000000|99.133568|922.517147|-0.000000|8.162172|-0.008456|8.162167|-0.000000
113.000000|99.125112|930.679306|-0.000000|8.162164|-0.008457|8.162159|-0.000000
114.000000|99.116654|938.841458|-0.000000|8.162156|-0.008458|8.162152|-0.000000
115.000000|99.108196|947.003603|-0.000000|8.162149|-0.008458|8.162144|-0.000000
116.000000|99.099737|955.165740|-0.000000|8.162141|-0.008459|8.162137|-0.000000
117.000000|99.091277|963.327870|-0.000000|8.162134|-0.008460|8.162130|-0.000000
118.000000|99.082816|971.489992|-0.000000|8.162127|-0.008461|8.162123|-0.000000
119.000000|99.074355|979.652108|-0.000000|8.162120|-0.008461|8.162116|-0.000000
120.000000|99.065893|987.814217|-0.000000|8.162113|-0.008462|8.162109|-0.000000
121.000000|99.057430|995.976320|-0.000000|8.162107|-0.008463|8.162102|-0.000000
122.000000|99.048967|1004.138415|-0.000000|8.162100|-0.008463|8.162096|-0.000000
123.000000|99.040502|1012.300504|-0.000000|8.162093|-0.008464|8.162089|-0.000000
124.000000|99.032038|1020.462587|-0.000000|8.162087|-0.008465|8.162083|-0.000000
125.000000|99.023573|1028.624663|-0.000000|8.162081|-0.008465|8.162076|-0.000000
126.000000|99.015107|1036.786733|-0.000000|8.162075|-0.008466|8.162070|-0.000000
127.000000|99.006640|1044.948797|-0.000000|8.162068|-0.008466|8.162064|-0.000000
128.000000|98.998173|1053.110855|-0.000000|8.162062|-0.008467|8.162058|-0.000000
129.000000|98.989706|1061.272907|-0.000000|8.162056|-0.008468|8.162052|-0.000000
130.000000|98.981238|1069.434954|-0.000000|8.162051|-0.008468|8.162046|-0.000000
131.000000|98.972769|1077.596994|-0.000000|8.162045|-0.008469|8.162040|-0.000000
132.000000|98.964300|1085.759029|-0.000000|8.162039|-0.008469|8.162035|-0.000000
133.000000|98.955830|1093.921058|-0.000000|8.162034|-0.008470|8.162029|-0.000000
134.000000|98.947360|1102.083082|-0.000000|8.162028|-0.008470|8.162024|-0.000000
135.000000|98.938889|1110.245100|-0.000000|8.162023|-0.008471|8.162018|-0.000000
136.000000|98.930418|1118.407113|-0.000000|8.162017|-0.008471|8.162013|-0.000000
137.000000|98.921947|1126.569120|-0.000000|8.162012|-0.008472|8.162008|-0.000000
138.000000|98.913474|1134.731123|-0.000000|8.162007|-0.008472|8.162002|-0.000000
139.000000|98.905002|1142.893120|-0.000000|8.162002|-0.008473|8.161997|-0.000000
140.000000|98.896529|1151.055112|-0.000000|8.161997|-0.008473|8.161992|-0.000000
141.000000|98.888056|1159.217100|-0.000000|8.161992|-0.008473|8.161987|-0.000000
142.000000|98.879582|1167.379082|-0.000000|8.161987|-0.008474|8.161982|-0.000000
143.000000|98.871108|1175.541059|-0.000000|8.161982|-0.008474|8.161977|-0.000000
144.000000|98.862633|1183.703032|-0.000000|8.161977|-0.008475|8.161973|-0.000000
145.000000|98.854158|1191.865000|-0.000000|8.161972|-0.008475|8.161968|-0.000000
146.000000|98.845683|1200.026963|-0.000000|8.161968|-0.008475|8.161963|-0.000000
147.000000|98.837207|1208.188922|-0.000000|8.161963|-0.008476|8.161959|-0.000000
148.000000|98.828731|1216.350876|-0.000000|8.161959|-0.008476|8.161954|-0.000000
149.000000|98.820254|1224.512826|-0.000000|8.161954|-0.008476|8.161950|-0.000000
150.000000|98.811777|1232.674772|-0.000000|8.161950|-0.008477|8.161945|-0.000000
151.000000|98.803300|1240.836713|-0.000000|8.161945|-0.008477|8.161941|-0.000000
152.000000|98.794823|1248.998649|-0.000000|8.161941|-0.008478|8.161937|-0.000000
153.000000|98.786345|1257.160582|-0.000000|8.161937|-0.008478|8.161932|-0.000000
154.000000|98.777867|1265.322510|-0.000000|8.161933|-0.008478|8.161928|-0.000000
155.000000|98.769388|1273.484434|-0.000000|8.161929|-0.008479|8.161924|-0.000000
156.000000|98.760909|1281.646354|-0.000000|8.161924|-0.008479|8.161920|-0.000000
157.000000|98.752430|1289.808270|-0.000000|8.161920|-0.008479|8.161916|-0.000000
158.000000|98.743951|1297.970182|-0.000000|8.161916|-0.008479|8.161912|-0.000000
159.000000|98.735471|1306.132091|-0.000000|8.161913|-0.008480|8.161908|-0.000000
160.000000|98.726991|1314.293995|-0.000000|8.161909|-0.008480|8.161904|-0.000000
161.000000|98.718510|1322.455895|-0.000000|8.161905|-0.008480|8.161900|-0.000000
162.000000|98.710030|1330.617792|-0.000000|8.161901|-0.008481|8.161897|-0.000000
163.000000|98.701549|1338.779685|-0.000000|8.161897|-0.008481|8.161893|-0.000000
164.000000|98.693068|1346.941574|-0.000000|8.161894|-0.008481|8.161889|-0.000000
165.000000|98.684586|1355.103460|-0.000000|8.161890|-0.008481|8.161886|-0.000000
166.000000|98.676105|1363.265342|-0.000000|8.161886|-0.008482|8.161882|-0.000000
167.000000|98.667623|1371.427220|-0.000000|8.161883|-0.008482|8.161878|-0.000000
168.000000|98.659140|1379.589095|-0.000000|8.161879|-0.008482|8.161875|-0.000000
169.000000|98.650658|1387.750966|-0.000000|8.161876|-0.008482|8.161871|-0.000000
170.000000|98.642175|1395.912834|-0.000000|8.161872|-0.008483|8.161868|-0.000000
171.000000|98.633692|1404.074699|-0.000000|8.161869|-0.008483|8.161865|-0.000000
172.000000|98.625209|1412.236560|-0.000000|8.161866|-0.008483|8.161861|-0.000000
173.000000|98.616726|1420.398418|-0.000000|8.161862|-0.008483|8.161858|-0.000000
174.000000|98.608242|1428.560272|-0.000000|8.161859|-0.008484|8.161855|-0.000000
175.000000|98.599758|1436.722124|-0.000000|8.161856|-0.008484|8.161851|-0.000000
176.000000|98.591274|1444.883972|-0.000000|8.161853|-0.008484|8.161848|-0.000000
177.000000|98.582790|1453.045817|-0.000000|8.161849|-0.008484|8.161845|-0.000000
178.000000|98.574305|1461.207659|-0.000000|8.161846|-0.008485|8.161842|-0.000000
179.000000|98.565821|1469.369497|-0.000000|8.161843|-0.008485|8.161839|-0.000000
180.000000|98.557336|1477.531333|-0.000000|8.161840|-0.008485|8.161836|-0.000000
181.000000|98.548850|1485.693166|-0.000000|8.161837|-0.008485|8.161833|-0.000000
182.000000|98.540365|1493.854995|-0.000000|8.161834|-0.008485|8.161830|-0.000000
183.000000|98.531880|1502.016822|-0.000000|8.161831|-0.008486|8.161827|-0.000000
184.000000|98.523394|1510.178646|-0.000000|8.161828|-0.008486|8.161824|-0.000000
185.000000|98.514908|1518.340466|-0.000000|8.161825|-0.008486|8.161821|-0.000000
186.000000|98.506422|1526.502284|-0.000000|8.161822|-0.008486|8.161818|-0.000000
187.000000|98.497936|1534.664099|-0.000000|8.161819|-0.008486|8.161815|-0.000000
188.000000|98.489449|1542.825912|-0.000000|8.161817|-0.008486|8.161812|-0.000000
189.000000|98.480962|1550.987721|-0.000000|8.161814|-0.008487|8.161809|-0.000000
190.000000|98.472476|1559.149528|-0.000000|8.161811|-0.008487|8.161807|-0.000000
191.000000|98.463989|1567.311332|-0.000000|8.161808|-0.008487|8.161804|-0.000000
192.000000|98.455501|1575.473133|-0.000000|8.161806|-0.008487|8.161801|-0.000000
193.000000|98.447014|1583.634932|-0.000000|8.161803|-0.008487|8.161799|-0.000000
194.000000|98.438527|1591.796728|-0.000000|8.161800|-0.008487|8.161796|-0.000000
195.000000|98.430039|1599.958521|-0.000000|8.161798|-0.008488|8.161793|-0.000000
196.000000|98.421551|1608.120312|-0.000000|8.161795|-0.008488|8.161791|-0.000000
197.000000|98.413063|1616.282100|-0.000000|8.161793|-0.008488|8.161788|-0.000000
198.000000|98.404575|1624.443886|-0.000000|8.161790|-0.008488|8.161786|-0.000000
199.000000|98.396087|1632.605669|-0.000000|8.161788|-0.008488|8.161783|-0.000000
200.000000|98.387598|1640.767449|-0.000000|8.161785|-0.008488|8.161781|-0.000000
201.000000|98.379110|1648.929227|-0.000000|8.161783|-0.008489|8.161778|-0.000000
202.000000|98.370621|1657.091003|-0.000000|8.161780|-0.008489|8.161776|-0.000000
203.000000|98.362132|1665.252777|-0.000000|8.161778|-0.008489|8.161773|-0.000000
204.000000|98.353643|1673.414547|-0.000000|8.161775|-0.008489|8.161771|-0.000000
205.000000|98.345154|1681.576316|-0.000000|8.161773|-0.008489|8.161769|-0.000000
206.000000|98.336665|1689.738082|-0.000000|8.161771|-0.008489|8.161766|-0.000000
207.000000|98.328175|1697.899846|-0.000000|8.161768|-0.008489|8.161764|-0.000000
208.000000|98.319686|1706.061608|-0.000000|8.161766|-0.008490|8.161762|-0.000000
209.000000|98.311196|1714.223367|-0.000000|8.161764|-0.008490|8.161759|-0.000000
210.000000|98.302706|1722.385124|-0.000000|8.161761|-0.008490|8.161757|-0.000000
211.000000|98.294216|1730.546879|-0.000000|8.161759|-0.008490|8.161755|-0.000000
212.000000|98.285726|1738.708631|-0.000000|8.161757|-0.008490|8.161753|-0.000000
213.000000|98.277236|1746.870382|-0.000000|8.161755|-0.008490|8.161750|-0.000000
214.000000|98.268746|1755.032130|-0.000000|8.161753|-0.008490|8.161748|-0.000000
215.000000|98.260255|1763.193876|-0.000000|8.161750|-0.008490|8.161746|-0.000000
216.000000|98.251765|1771.355620|-0.000000|8.161748|-0.008491|8.161744|-0.000000
217.000000|98.243274|1779.517362|-0.000000|8.161746|-0.008491|8.161742|-0.000000
218.000000|98.234783|1787.679101|-0.000000|8.161744|-0.008491|8.161740|-0.000000
219.000000|98.226292|1795.840839|-0.000000|8.161742|-0.008491|8.161738|-0.000000
220.000000|98.217801|1804.002574|-0.000000|8.161740|-0.008491|8.161736|-0.000000
221.000000|98.209310|1812.164308|-0.000000|8.161738|-0.008491|8.161734|-0.000000
222.000000|98.200819|1820.326039|-0.000000|8.161736|-0.008491|8.161731|-0.000000
223.000000|98.192328|1828.487769|-0.000000|8.161734|-0.008491|8.161729|-0.000000
224.000000|98.183836|1836.649496|-0.000000|8.161732|-0.008491|8.161727|-0.000000
225.000000|98.175345|1844.811222|-0.000000|8.161730|-0.008492|8.161726|-0.000000
226.000000|98.166853|1852.972945|-0.000000|8.161728|-0.008492|8.161724|-0.000000
227.000000|98.158361|1861.134667|-0.000000|8.161726|-0.008492|8.161722|-0.000000
228.000000|98.149869|1869.296387|-0.000000|8.161724|-0.008492|8.161720|-0.000000
229.000000|98.141378|1877.458105|-0.000000|8.161722|-0.008492|8.161718|-0.000000
230.000000|98.132885|1885.619821|-0.000000|8.161720|-0.008492|8.161716|-0.000000
231.000000|98.124393|1893.781535|-0.000000|8.161718|-0.008492|8.161714|-0.000000
232.000000|98.115901|1901.943247|-0.000000|8.161717|-0.008492|8.161712|-0.000000
233.000000|98.107409|1910.104957|-0.000000|8.161715|-0.008492|8.161710|-0.000000
234.000000|98.098916|1918.266666|-0.000000|8.161713|-0.008492|8.161709|-0.000000
235.000000|98.090424|1926.428372|-0.000000|8.161711|-0.008493|8.161707|-0.000000
236.000000|98.081931|1934.590077|-0.000000|8.161709|-0.008493|8.161705|-0.000000
237.000000|98.073438|1942.751781|-0.000000|8.161708|-0.008493|8.161703|-0.000000
238.000000|98.064946|1950.913482|-0.000000|8.161706|-0.008493|8.161701|-0.000000
239.000000|98.056453|1959.075182|-0.000000|8.161704|-0.008493|8.161700|-0.000000
240.000000|98.047960|1967.236880|-0.000000|8.161702|-0.008493|8.161698|-0.000000
241.000000|98.039467|1975.398576|-0.000000|8.161701|-0.008493|8.161696|-0.000000
242.000000|98.030974|1983.560270|-0.000000|8.161699|-0.008493|8.161695|-0.000000
243.000000|98.022480|1991.721963|-0.000000|8.161697|-0.008493|8.161693|-0.000000
244.000000|98.013987|1999.883654|-0.000000|8.161696|-0.008493|8.161691|-0.000000
245.000000|98.005494|2008.045344|-0.000000|8.161694|-0.008493|8.161689|-0.000000
246.000000|97.997000|2016.207031|-0.000000|8.161692|-0.008493|8.161688|-0.000000
247.000000|97.988507|2024.368718|-0.000000|8.161691|-0.008494|8.161686|-0.000000
248.000000|97.980013|2032.530402|-0.000000|8.161689|-0.008494|8.161685|-0.000000
249.000000|97.971519|2040.692085|-0.000000|8.161687|-0.008494|8.161683|-0.000000
250.000000|97.963025|2048.853767|-0.000000|8.161686|-0.008494|8.161681|-0.000000
251.000000|97.954532|2057.015446|-0.000000|8.161684|-0.008494|8.161680|-0.000000
252.000000|97.946038|2065.177125|-0.000000|8.161683|-0.008494|8.161678|-0.000000
253.000000|97.937544|2073.338801|-0.000000|8.161681|-0.008494|8.161677|-0.000000
254.000000|97.929049|2081.500476|-0.000000|8.161680|-0.008494|8.161675|-0.000000
255.000000|97.920555|2089.662150|-0.000000|8.161678|-0.008494|8.161674|-0.000000
256.000000|97.912061|2097.823822|-0.000000|8.161676|-0.008494|8.161672|-0.000000
257.000000|97.903567|2105.985492|-0.000000|8.161675|-0.008494|8.161671|-0.000000
258.000000|97.895072|2114.147161|-0.000000|8.161673|-0.008494|8.161669|-0.000000
259.000000|97.886578|2122.308829|-0.000000|8.161672|-0.008494|8.161668|-0.000000
260.000000|97.878083|2130.470495|-0.000000|8.161670|-0.008495|8.161666|-0.000000
261.000000|97.869589|2138.632160|-0.000000|8.161669|-0.008495|8.161665|-0.000000
262.000000|97.861094|2146.793823|-0.000000|8.161668|-0.008495|8.161663|-0.000000
263.000000|97.852600|2154.955484|-0.000000|8.161666|-0.008495|8.161662|-0.000000
264.000000|97.844105|2163.117145|-0.000000|8.161665|-0.008495|8.161660|-0.000000
265.000000|97.835610|2171.278804|-0.000000|8.161663|-0.008495|8.161659|-0.000000
266.000000|97.827115|2179.440461|-0.000000|8.161662|-0.008495|8.161657|-0.000000
267.000000|97.818620|2187.602117|-0.000000|8.161660|-0.008495|8.161656|-0.000000
268.000000|97.810125|2195.763772|-0.000000|8.161659|-0.008495|8.161655|-0.000000
269.000000|97.801630|2203.925425|-0.000000|8.161658|-0.008495|8.161653|-0.000000
270.000000|97.793135|2212.087077|-0.000000|8.161656|-0.008495|8.161652|-0.000000
271.000000|97.784640|2220.248727|-0.000000|8.161655|-0.008495|8.161651|-0.000000
272.000000|97.776144|2228.410377|-0.000000|8.161654|-0.008495|8.161649|-0.000000
273.000000|97.767649|2236.572024|-0.000000|8.161652|-0.008495|8.161648|-0.000000
274.000000|97.759154|2244.733671|-0.000000|8.161651|-0.008495|8.161647|-0.000000
275.000000|97.750658|2252.895316|-0.000000|8.161650|-0.008495|8.161645|-0.000000
276.000000|97.742163|2261.056960|-0.000000|8.161648|-0.008495|8.161644|-0.000000
277.000000|97.733667|2269.218603|-0.000000|8.161647|-0.008496|8.161643|-0.000000
278.000000|97.725172|2277.380244|-0.000000|8.161646|-0.008496|8.161641|-0.000000
279.000000|97.716676|2285.541884|-0.000000|8.161644|-0.008496|8.161640|-0.000000
280.000000|97.708180|2293.703523|-0.000000|8.161643|-0.008496|8.161639|-0.000000
281.000000|97.699684|2301.865160|-0.000000|8.161642|-0.008496|8.161637|-0.000000
282.000000|97.691189|2310.026796|-0.000000|8.161641|-0.008496|8.161636|-0.000000
283.000000|97.682693|2318.188431|-0.000000|8.161639|-0.008496|8.161635|-0.000000
284.000000|97.674197|2326.350065|-0.000000|8.161638|-0.008496|8.161634|-0.000000
285.000000|97.665701|2334.511697|-0.000000|8.161637|-0.008496|8.161632|-0.000000
286.000000|97.657205|2342.673329|-0.000000|8.161636|-0.008496|8.161631|-0.000000
287.000000|97.648709|2350.834959|-0.000000|8.161634|-0.008496|8.161630|-0.000000
288.000000|97.640212|2358.996588|-0.000000|8.161633|-0.008496|8.161629|-0.000000
289.000000|97.631716|2367.158215|-0.000000|8.161632|-0.008496|8.161628|-0.000000
290.000000|97.623220|2375.319842|-0.000000|8.161631|-0.008496|8.161626|-0.000000
291.000000|97.614724|2383.481467|-0.000000|8.161630|-0.008496|8.161625|-0.000000
292.000000|97.606227|2391.643091|-0.000000|8.161629|-0.008496|8.161624|-0.000000
293.000000|97.597731|2399.804714|-0.000000|8.161627|-0.008496|8.161623|-0.000000
294.000000|97.589235|2407.966336|-0.000000|8.161626|-0.008496|8.161622|-0.000000
295.000000|97.580738|2416.127956|-0.000000|8.161625|-0.008496|8.161621|-0.000000
296.000000|97.572242|2424.289576|-0.000000|8.161624|-0.008497|8.161620|-0.000000
297.000000|97.563745|2432.451194|-0.000000|8.161623|-0.008497|8.161618|-0.000000
298.000000|97.555248|2440.612812|-0.000000|8.161622|-0.008497|8.161617|-0.000000
299.000000|97.546752|2448.774428|-0.000000|8.161621|-0.008497|8.161616|-0.000000
300.000000|97.538255|2456.936043|-0.000000|8.161619|-0.008497|8.161615|-0.000000
301.000000|97.529758|2465.097657|-0.000000|8.161618|-0.008497|8.161614|-0.000000
302.000000|97.521262|2473.259269|-0.000000|8.161617|-0.008497|8.161613|-0.000000
303.000000|97.512765|2481.420881|-0.000000|8.161616|-0.008497|8.161612|-0.000000
304.000000|97.504268|2489.582492|-0.000000|8.161615|-0.008497|8.161611|-0.000000
305.000000|97.495771|2497.744101|-0.000000|8.161614|-0.008497|8.161610|-0.000000
306.000000|97.487274|2505.905710|-0.000000|8.161613|-0.008497|8.161609|-0.000000
307.000000|97.478777|2514.067317|-0.000000|8.161612|-0.008497|8.161607|-0.000000
308.000000|97.470280|2522.228924|-0.000000|8.161611|-0.008497|8.161606|-0.000000
309.000000|97.461783|2530.390529|-0.000000|8.161610|-0.008497|8.161605|-0.000000
310.000000|97.453286|2538.552133|-0.000000|8.161609|-0.008497|8.161604|-0.000000
311.000000|97.444789|2546.713737|-0.000000|8.161608|-0.008497|8.161603|-0.000000
312.000000|97.436291|2554.875339|-0.000000|8.161607|-0.008497|8.161602|-0.000000
313.000000|97.427794|2563.036940|-0.000000|8.161606|-0.008497|8.161601|-0.000000
314.000000|97.419297|2571.198540|-0.000000|8.161605|-0.008497|8.161600|-0.000000
315.000000|97.410800|2579.360140|-0.000000|8.161604|-0.008497|8.161599|-0.000000
316.000000|97.402302|2587.521738|-0.000000|8.161603|-0.008497|8.161598|-0.000000
317.000000|97.393805|2595.683335|-0.000000|8.161602|-0.008497|8.161597|-0.000000
318.000000|97.385307|2603.844931|-0.000000|8.161601|-0.008497|8.161596|-0.000000
319.000000|97.376810|2612.006526|-0.000000|8.161600|-0.008497|8.161595|-0.000000
320.000000|97.368313|2620.168121|-0.000000|8.161599|-0.008497|8.161594|-0.000000
321.000000|97.359815|2628.329714|-0.000000|8.161598|-0.008498|8.161593|-0.000000
322.000000|97.351317|2636.491306|-0.000000|8.161597|-0.008498|8.161592|-0.000000
323.000000|97.342820|2644.652898|-0.000000|8.161596|-0.008498|8.161591|-0.000000
324.000000|97.334322|2652.814488|-0.000000|8.161595|-0.008498|8.161590|-0.000000
325.000000|97.325825|2660.976078|-0.000000|8.161594|-0.008498|8.161589|-0.000000
326.000000|97.317327|2669.137666|-0.000000|8.161593|-0.008498|8.161589|-0.000000
327.000000|97.308829|2677.299254|-0.000000|8.161592|-0.008498|8.161588|-0.000000
328.000000|97.300331|2685.460840|-0.000000|8.161591|-0.008498|8.161587|-0.000000
329.000000|97.291833|2693.622426|-0.000000|8.161590|-0.008498|8.161586|-0.000000
330.000000|97.283336|2701.784011|-0.000000|8.161589|-0.008498|8.161585|-0.000000
331.000000|97.274838|2709.945595|-0.000000|8.161588|-0.008498|8.161584|-0.000000
332.000000|97.266340|2718.107178|-0.000000|8.161587|-0.008498|8.161583|-0.000000
333.000000|97.257842|2726.268760|-0.000000|8.161587|-0.008498|8.161582|-0.000000
334.000000|97.249344|2734.430341|-0.000000|8.161586|-0.008498|8.161581|-0.000000
335.000000|97.240846|2742.591921|-0.000000|8.161585|-0.008498|8.161580|-0.000000
336.000000|97.232348|2750.753501|-0.000000|8.161584|-0.008498|8.161579|-0.000000
337.000000|97.223850|2758.915079|-0.000000|8.161583|-0.008498|8.161579|-0.000000
338.000000|97.215352|2767.076657|-0.000000|8.161582|-0.008498|8.161578|-0.000000
339.000000|97.206854|2775.238234|-0.000000|8.161581|-0.008498|8.161577|-0.000000
340.000000|97.198355|2783.399810|-0.000000|8.161580|-0.008498|8.161576|-0.000000
341.000000|97.189857|2791.561385|-0.000000|8.161580|-0.008498|8.161575|-0.000000
342.000000|97.181359|2799.722959|-0.000000|8.161579|-0.008498|8.161574|-0.000000
343.000000|97.172861|2807.884533|-0.000000|8.161578|-0.008498|8.161573|-0.000000
344.000000|97.164363|2816.046105|-0.000000|8.161577|-0.008498|8.161573|-0.000000
345.000000|97.155864|2824.207677|-0.000000|8.161576|-0.008498|8.161572|-0.000000
346.000000|97.147366|2832.369248|-0.000000|8.161575|-0.008498|8.161571|-0.000000
347.000000|97.138868|2840.530818|-0.000000|8.161574|-0.008498|8.161570|-0.000000
348.000000|97.130369|2848.692387|-0.000000|8.161574|-0.008498|8.161569|-0.000000
349.000000|97.121871|2856.853955|-0.000000|8.161573|-0.008498|8.161568|-0.000000
350.000000|97.113372|2865.015523|-0.000000|8.161572|-0.008498|8.161568|-0.000000
351.000000|97.104874|2873.177090|-0.000000|8.161571|-0.008498|8.161567|-0.000000
352.000000|97.096375|2881.338656|-0.000000|8.161570|-0.008499|8.161566|-0.000000
353.000000|97.087877|2889.500221|-0.000000|8.161570|-0.008499|8.161565|-0.000000
354.000000|97.079378|2897.661785|-0.000000|8.161569|-0.008499|8.161564|-0.000000
355.000000|97.070880|2905.823349|-0.000000|8.161568|-0.008499|8.161564|-0.000000
356.000000|97.062381|2913.984911|-0.000000|8.161567|-0.008499|8.161563|-0.000000
357.000000|97.053882|2922.146473|-0.000000|8.161566|-0.008499|8.161562|-0.000000
358.000000|97.045384|2930.308034|-0.000000|8.161566|-0.008499|8.161561|-0.000000
359.000000|97.036885|2938.469595|-0.000000|8.161565|-0.008499|8.161560|-0.000000
360.000000|97.028386|2946.631155|-0.000000|8.161564|-0.008499|8.161560|-0.000000
361.000000|97.019888|2954.792713|-0.000000|8.161563|-0.008499|8.161559|-0.000000
362.000000|97.011389|2962.954272|-0.000000|8.161563|-0.008499|8.161558|-0.000000
363.000000|97.002890|2971.115829|-0.000000|8.161562|-0.008499|8.161557|-0.000000
364.000000|96.994391|2979.277386|-0.000000|8.161561|-0.008499|8.161557|-0.000000
365.000000|96.985892|2987.438941|-0.000000|8.161560|-0.008499|8.161556|-0.000000
366.000000|96.977394|2995.600496|-0.000000|8.161560|-0.008499|8.161555|-0.000000
367.000000|96.968895|3003.762051|-0.000000|8.161559|-0.008499|8.161554|-0.000000
368.000000|96.960396|3011.923604|-0.000000|8.161558|-0.008499|8.161554|-0.000000
369.000000|96.951897|3020.085157|-0.000000|8.161557|-0.008499|8.161553|-0.000000
370.000000|96.943398|3028.246710|-0.000000|8.161557|-0.008499|8.161552|-0.000000
371.000000|96.934899|3036.408261|-0.000000|8.161556|-0.008499|8.161551|-0.000000
372.000000|96.926400|3044.569812|-0.000000|8.161555|-0.008499|8.161551|-0.000000
373.000000|96.917901|3052.731362|-0.000000|8.161554|-0.008499|8.161550|-0.000000
374.000000|96.909402|3060.892911|-0.000000|8.161554|-0.008499|8.161549|-0.000000
375.000000|96.900903|3069.054460|-0.000000|8.161553|-0.008499|8.161549|-0.000000
376.000000|96.892404|3077.216007|-0.000000|8.161552|-0.008499|8.161548|-0.000000
377.000000|96.883905|3085.377555|-0.000000|8.161552|-0.008499|8.161547|-0.000000
378.000000|96.875405|3093.539101|-0.000000|8.161551|-0.008499|8.161546|-0.000000
379.000000|96.866906|3101.700647|-0.000000|8.161550|-0.008499|8.161546|-0.000000
380.000000|96.858407|3109.862192|-0.000000|8.161549|-0.008499|8.161545|-0.000000
381.000000|96.849908|3118.023736|-0.000000|8.161549|-0.008499|8.161544|-0.000000
382.000000|96.841409|3126.185280|-0.000000|8.161548|-0.008499|8.161544|-0.000000
383.000000|96.832909|3134.346823|-0.000000|8.161547|-0.008499|8.161543|-0.000000
384.000000|96.824410|3142.508365|-0.000000|8.161547|-0.008499|8.161542|-0.000000
385.000000|96.815911|3150.669907|-0.000000|8.161546|-0.008499|8.161542|-0.000000
386.000000|96.807412|3158.831448|-0.000000|8.161545|-0.008499|8.161541|-0.000000
387.000000|96.798912|3166.992988|-0.000000|8.161545|-0.008499|8.161540|-0.000000
388.000000|96.790413|3175.154528|-0.000000|8.161544|-0.008499|8.161540|-0.000000
389.000000|96.781913|3183.316067|-0.000000|8.161543|-0.008499|8.161539|-0.000000
390.000000|96.773414|3191.477605|-0.000000|8.161543|-0.008499|8.161538|-0.000000
391.000000|96.764915|3199.639143|-0.000000|8.161542|-0.008499|8.161538|-0.000000
392.000000|96.756415|3207.800680|-0.000000|8.161541|-0.008499|8.161537|-0.000000
393.000000|96.747916|3215.962216|-0.000000|8.161541|-0.008499|8.161536|-0.000000
394.000000|96.739416|3224.123752|-0.000000|8.161540|-0.008499|8.161536|-0.000000
395.000000|96.730917|3232.285287|-0.000000|8.161540|-0.008499|8.161535|-0.000000
396.000000|96.722417|3240.446821|-0.000000|8.161539|-0.008500|8.161534|-0.000000
397.000000|96.713918|3248.608355|-0.000000|8.161538|-0.008500|8.161534|-0.000000
398.000000|96.705418|3256.769889|-0.000000|8.161538|-0.008500|8.161533|-0.000000
399.000000|96.696919|3264.931421|-0.000000|8.161537|-0.008500|8.161533|-0.000000
400.000000|96.688419|3273.092953|-0.000000|8.161536|-0.008500|8.161532|-0.000000
401.000000|96.679920|3281.254484|-0.000000|8.161536|-0.008500|8.161531|-0.000000
402.000000|96.671420|3289.416015|-0.000000|8.161535|-0.008500|8.161531|-0.000000
403.000000|96.662920|3297.577545|-0.000000|8.161535|-0.008500|8.161530|-0.000000
404.000000|96.654421|3305.739075|-0.000000|8.161534|-0.008500|8.161529|-0.000000
405.000000|96.645921|3313.900603|-0.000000|8.161533|-0.008500|8.161529|-0.000000
406.000000|96.637421|3322.062132|-0.000000|8.161533|-0.008500|8.161528|-0.000000
407.000000|96.628922|3330.223659|-0.000000|8.161532|-0.008500|8.161528|-0.000000
408.000000|96.620422|3338.385186|-0.000000|8.161531|-0.008500|8.161527|-0.000000
409.000000|96.611922|3346.546713|-0.000000|8.161531|-0.008500|8.161526|-0.000000
410.000000|96.603422|3354.708239|-0.000000|8.161530|-0.008500|8.161526|-0.000000
411.000000|96.594923|3362.869764|-0.000000|8.161530|-0.008500|8.161525|-0.000000
412.000000|96.586423|3371.031289|-0.000000|8.161529|-0.008500|8.161525|-0.000000
413.000000|96.577923|3379.192813|-0.000000|8.161529|-0.008500|8.161524|-0.000000
414.000000|96.569423|3387.354336|-0.000000|8.161528|-0.008500|8.161523|-0.000000
415.000000|96.560923|3395.515859|-0.000000|8.161527|-0.008500|8.161523|-0.000000
416.000000|96.552424|3403.677381|-0.000000|8.161527|-0.008500|8.161522|-0.000000
417.000000|96.543924|3411.838903|-0.000000|8.161526|-0.008500|8.161522|-0.000000
418.000000|96.535424|3420.000424|-0.000000|8.161526|-0.008500|8.161521|-0.000000
419.000000|96.526924|3428.161945|-0.000000|8.161525|-0.008500|8.161521|-0.000000
420.000000|96.518424|3436.323465|-0.000000|8.161524|-0.008500|8.161520|-0.000000
421.000000|96.509924|3444.484985|-0.000000|8.161524|-0.008500|8.161519|-0.000000
422.000000|96.501424|3452.646503|-0.000000|8.161523|-0.008500|8.161519|-0.000000
423.000000|96.492924|3460.808022|-0.000000|8.161523|-0.008500|8.161518|-0.000000
424.000000|96.484424|3468.969540|-0.000000|8.161522|-0.008500|8.161518|-0.000000
425.000000|96.475924|3477.131057|-0.000000|8.161522|-0.008500|8.161517|-0.000000
426.000000|96.467424|3485.292574|-0.000000|8.161521|-0.008500|8.161517|-0.000000
427.000000|96.458924|3493.454090|-0.000000|8.161521|-0.008500|8.161516|-0.000000
428.000000|96.450424|3501.615605|-0.000000|8.161520|-0.008500|8.161516|-0.000000
429.000000|96.441924|3509.777120|-0.000000|8.161519|-0.008500|8.161515|-0.000000
430.000000|96.433424|3517.938635|-0.000000|8.161519|-0.008500|8.161515|-0.000000
431.000000|96.424924|3526.100149|-0.000000|8.161518|-0.008500|8.161514|-0.000000
432.000000|96.416424|3534.261662|-0.000000|8.161518|-0.008500|8.161513|-0.000000
433.000000|96.407924|3542.423175|-0.000000|8.161517|-0.008500|8.161513|-0.000000
434.000000|96.399423|3550.584688|-0.000000|8.161517|-0.008500|8.161512|-0.000000
435.000000|96.390923|3558.746200|-0.000000|8.161516|-0.008500|8.161512|-0.000000
436.000000|96.382423|3566.907711|-0.000000|8.161516|-0.008500|8.161511|-0.000000
437.000000|96.373923|3575.069222|-0.000000|8.161515|-0.008500|8.161511|-0.000000
438.000000|96.365423|3583.230732|-0.000000|8.161515|-0.008500|8.161510|-0.000000
439.000000|96.356923|3591.392242|-0.000000|8.161514|-0.008500|8.161510|-0.000000
440.000000|96.348422|3599.553751|-0.000000|8.161514|-0.008500|8.161509|-0.000000
441.000000|96.339922|3607.715260|-0.000000|8.161513|-0.008500|8.161509|-0.000000
442.000000|96.331422|3615.876768|-0.000000|8.161513|-0.008500|8.161508|-0.000000
443.000000|96.322922|3624.038276|-0.000000|8.161512|-0.008500|8.161508|-0.000000
444.000000|96.314421|3632.199783|-0.000000|8.161512|-0.008500|8.161507|-0.000000
445.000000|96.305921|3640.361290|-0.000000|8.161511|-0.008500|8.161507|-0.000000
446.000000|96.297421|3648.522796|-0.000000|8.161511|-0.008500|8.161506|-0.000000
447.000000|96.288920|3656.684302|-0.000000|8.161510|-0.008500|8.161506|-0.000000
448.000000|96.280420|3664.845807|-0.000000|8.161510|-0.008500|8.161505|-0.000000
449.000000|96.271920|3673.007311|-0.000000|8.161509|-0.008500|8.161505|-0.000000
450.000000|96.263419|3681.168816|-0.000000|8.161509|-0.008500|8.161504|-0.000000
451.000000|96.254919|3689.330319|-0.000000|8.161508|-0.008500|8.161504|-0.000000
452.000000|96.246419|3697.491823|-0.000000|8.161508|-0.008500|8.161503|-0.000000
453.000000|96.237918|3705.653325|-0.000000|8.161507|-0.008500|8.161503|-0.000000
454.000000|96.229418|3713.814828|-0.000000|8.161507|-0.008500|8.161502|-0.000000
455.000000|96.220917|3721.976329|-0.000000|8.161506|-0.008500|8.161502|-0.000000
456.000000|96.212417|3730.137831|-0.000000|8.161506|-0.008500|8.161501|-0.000000
457.000000|96.203917|3738.299331|-0.000000|8.161505|-0.008500|8.161501|-0.000000
458.000000|96.195416|3746.460832|-0.000000|8.161505|-0.008500|8.161500|-0.000000
459.000000|96.186916|3754.622332|-0.000000|8.161504|-0.008500|8.161500|-0.000000
460.000000|96.178415|3762.783831|-0.000000|8.161504|-0.008500|8.161499|-0.000000
461.000000|96.169915|3770.945330|-0.000000|8.161503|-0.008500|8.161499|-0.000000
462.000000|96.161414|3779.106828|-0.000000|8.161503|-0.008501|8.161498|-0.000000
463.000000|96.152914|3787.268326|-0.000000|8.161502|-0.008501|8.161498|-0.000000
464.000000|96.144413|3795.429824|-0.000000|8.161502|-0.008501|8.161498|-0.000000
465.000000|96.135913|3803.591321|-0.000000|8.161501|-0.008501|8.161497|-0.000000
466.000000|96.127412|3811.752817|-0.000000|8.161501|-0.008501|8.161497|-0.000000
467.000000|96.118912|3819.914314|-0.000000|8.161501|-0.008501|8.161496|-0.000000
468.000000|96.110411|3828.075809|-0.000000|8.161500|-0.008501|8.161496|-0.000000
469.000000|96.101910|3836.237304|-0.000000|8.161500|-0.008501|8.161495|-0.000000
470.000000|96.093410|3844.398799|-0.000000|8.161499|-0.008501|8.161495|-0.000000
471.000000|96.084909|3852.560294|-0.000000|8.161499|-0.008501|8.161494|-0.000000
472.000000|96.076409|3860.721787|-0.000000|8.161498|-0.008501|8.161494|-0.000000
473.000000|96.067908|3868.883281|-0.000000|8.161498|-0.008501|8.161493|-0.000000
474.000000|96.059407|3877.044774|-0.000000|8.161497|-0.008501|8.161493|-0.000000
475.000000|96.050907|3885.206266|-0.000000|8.161497|-0.008501|8.161493|-0.000000
476.000000|96.042406|3893.367758|-0.000000|8.161497|-0.008501|8.161492|-0.000000
477.000000|96.033905|3901.529250|-0.000000|8.161496|-0.008501|8.161492|-0.000000
478.000000|96.025405|3909.690741|-0.000000|8.161496|-0.008501|8.161491|-0.000000
479.000000|96.016904|3917.852232|-0.000000|8.161495|-0.008501|8.161491|-0.000000
480.000000|96.008403|3926.013722|-0.000000|8.161495|-0.008501|8.161490|-0.000000
481.000000|95.999903|3934.175212|-0.000000|8.161494|-0.008501|8.161490|-0.000000
482.000000|95.991402|3942.336702|-0.000000|8.161494|-0.008501|8.161489|-0.000000
483.000000|95.982901|3950.498191|-0.000000|8.161493|-0.008501|8.161489|-0.000000
484.000000|95.974400|3958.659679|-0.000000|8.161493|-0.008501|8.161489|-0.000000
485.000000|95.965900|3966.821168|-0.000000|8.161493|-0.008501|8.161488|-0.000000
486.000000|95.957399|3974.982655|-0.000000|8.161492|-0.008501|8.161488|-0.000000
487.000000|95.948898|3983.144143|-0.000000|8.161492|-0.008501|8.161487|-0.000000
488.000000|95.940397|3991.305630|-0.000000|8.161491|-0.008501|8.161487|-0.000000
489.000000|95.931896|3999.467116|-0.000000|8.161491|-0.008501|8.161487|-0.000000
490.000000|95.923396|4007.628602|-0.000000|8.161491|-0.008501|8.161486|-0.000000
491.000000|95.914895|4015.790088|-0.000000|8.161490|-0.008501|8.161486|-0.000000
492.000000|95.906394|4023.951573|-0.000000|8.161490|-0.008501|8.161485|-0.000000
493.000000|95.897893|4032.113058|-0.000000|8.161489|-0.008501|8.161485|-0.000000
494.000000|95.889392|4040.274542|-0.000000|8.161489|-0.008501|8.161484|-0.000000
495.000000|95.880891|4048.436027|-0.000000|8.161488|-0.008501|8.161484|-0.000000
496.000000|95.872391|4056.597510|-0.000000|8.161488|-0.008501|8.161484|-0.000000
497.000000|95.863890|4064.758993|-0.000000|8.161488|-0.008501|8.161483|-0.000000
498.000000|95.855389|4072.920476|-0.000000|8.161487|-0.008501|8.161483|-0.000000
499.000000|95.846888|4081.081959|-0.000000|8.161487|-0.008501|8.161482|-0.000000
500.000000|95.838387|4089.243441|-0.000000|8.161486|-0.008501|8.161482|-0.000000
501.000000|95.829886|4097.404922|-0.000000|8.161486|-0.008501|8.161482|-0.000000
502.000000|95.821385|4105.566403|-0.000000|8.161486|-0.008501|8.161481|-0.000000
503.000000|95.812884|4113.727884|-0.000000|8.161485|-0.008501|8.161481|-0.000000
504.000000|95.804383|4121.889365|-0.000000|8.161485|-0.008501|8.161480|-0.000000
505.000000|95.795882|4130.050845|-0.000000|8.161484|-0.008501|8.161480|-0.000000
506.000000|95.787381|4138.212324|-0.000000|8.161484|-0.008501|8.161480|-0.000000
507.000000|95.778880|4146.373804|-0.000000|8.161484|-0.008501|8.161479|-0.000000
508.000000|95.770380|4154.535282|-0.000000|8.161483|-0.008501|8.161479|-0.000000
509.000000|95.761879|4162.696761|-0.000000|8.161483|-0.008501|8.161478|-0.000000
510.000000|95.753378|4170.858239|-0.000000|8.161483|-0.008501|8.161478|-0.000000
511.000000|95.744877|4179.019717|-0.000000|8.161482|-0.008501|8.161478|-0.000000
512.000000|95.736376|4187.181194|-0.000000|8.161482|-0.008501|8.161477|-0.000000
513.000000|95.727875|4195.342671|-0.000000|8.161481|-0.008501|8.161477|-0.000000
514.000000|95.719373|4203.504148|-0.000000|8.161481|-0.008501|8.161477|-0.000000
515.000000|95.710872|4211.665624|-0.000000|8.161481|-0.008501|8.161476|-0.000000
516.000000|95.702371|4219.827100|-0.000000|8.161480|-0.008501|8.161476|-0.000000
517.000000|95.693870|4227.988575|-0.000000|8.161480|-0.008501|8.161475|-0.000000
518.000000|95.685369|4236.150050|-0.000000|8.161479|-0.008501|8.161475|-0.000000
519.000000|95.676868|4244.311525|-0.000000|8.161479|-0.008501|8.161475|-0.000000
520.000000|95.668367|4252.472999|-0.000000|8.161479|-0.008501|8.161474|-0.000000
521.000000|95.659866|4260.634473|-0.000000|8.161478|-0.008501|8.161474|-0.000000
522.000000|95.651365|4268.795947|-0.000000|8.161478|-0.008501|8.161474|-0.000000
523.000000|95.642864|4276.957420|-0.000000|8.161478|-0.008501|8.161473|-0.000000
524.000000|95.634363|4285.118893|-0.000000|8.161477|-0.008501|8.161473|-0.000000
525.000000|95.625862|4293.280365|-0.000000|8.161477|-0.008501|8.161472|-0.000000
526.000000|95.617360|4301.441837|-0.000000|8.161477|-0.008501|8.161472|-0.000000
527.000000|95.608859|4309.603309|-0.000000|8.161476|-0.008501|8.161472|-0.000000
528.000000|95.600358|4317.764781|-0.000000|8.161476|-0.008501|8.161471|-0.000000
529.000000|95.591857|4325.926252|-0.000000|8.161475|-0.008501|8.161471|-0.000000
530.000000|95.583356|4334.087722|-0.000000|8.161475|-0.008501|8.161471|-0.000000
531.000000|95.574855|4342.249193|-0.000000|8.161475|-0.008501|8.161470|-0.000000
532.000000|95.566354|4350.410663|-0.000000|8.161474|-0.008501|8.161470|-0.000000
533.000000|95.557852|4358.572132|-0.000000|8.161474|-0.008501|8.161470|-0.000000
534.000000|95.549351|4366.733602|-0.000000|8.161474|-0.008501|8.161469|-0.000000
535.000000|95.540850|4374.895071|-0.000000|8.161473|-0.008501|8.161469|-0.000000
536.000000|95.532349|4383.056539|-0.000000|8.161473|-0.008501|8.161469|-0.000000
537.000000|95.523848|4391.218007|-0.000000|8.161473|-0.008501|8.161468|-0.000000
538.000000|95.515346|4399.379475|-0.000000|8.161472|-0.008501|8.161468|-0.000000
539.000000|95.506845|4407.540943|-0.000000|8.161472|-0.008501|8.161468|-0.000000
540.000000|95.498344|4415.702410|-0.000000|8.161472|-0.008501|8.161467|-0.000000
541.000000|95.489843|4423.863877|-0.000000|8.161471|-0.008501|8.161467|-0.000000
542.000000|95.481341|4432.025344|-0.000000|8.161471|-0.008501|8.161467|-0.000000
543.000000|95.472840|4440.186810|-0.000000|8.161471|-0.008501|8.161466|-0.000000
544.000000|95.464339|4448.348276|-0.000000|8.161470|-0.008501|8.161466|-0.000000
545.000000|95.455838|4456.509741|-0.000000|8.161470|-0.008501|8.161466|-0.000000
546.000000|95.447336|4464.671206|-0.000000|8.161470|-0.008501|8.161465|-0.000000
547.000000|95.438835|4472.832671|-0.000000|8.161469|-0.008501|8.161465|-0.000000
548.000000|95.430334|4480.994136|-0.000000|8.161469|-0.008501|8.161465|-0.000000
549.000000|95.421832|4489.155600|-0.000000|8.161469|-0.008501|8.161464|-0.000000
550.000000|95.413331|4497.317064|-0.000000|8.161468|-0.008501|8.161464|-0.000000
551.000000|95.404830|4505.478527|-0.000000|8.161468|-0.008501|8.161464|-0.000000
552.000000|95.396328|4513.639990|-0.000000|8.161468|-0.008501|8.161463|-0.000000
553.000000|95.387827|4521.801453|-0.000000|8.161467|-0.008501|8.161463|-0.000000
554.000000|95.379326|4529.962916|-0.000000|8.161467|-0.008501|8.161463|-0.000000
555.000000|95.370824|4538.124378|-0.000000|8.161467|-0.008501|8.161462|-0.000000
556.000000|95.362323|4546.285840|-0.000000|8.161466|-0.008501|8.161462|-0.000000
557.000000|95.353822|4554.447301|-0.000000|8.161466|-0.008501|8.161462|-0.000000
558.000000|95.345320|4562.608763|-0.000000|8.161466|-0.008501|8.161461|-0.000000
559.000000|95.336819|4570.770224|-0.000000|8.161465|-0.008501|8.161461|-0.000000
560.000000|95.328318|4578.931684|-0.000000|8.161465|-0.008501|8.161461|-0.000000
561.000000|95.319816|4587.093144|-0.000000|8.161465|-0.008501|8.161460|-0.000000
562.000000|95.311315|4595.254604|-0.000000|8.161464|-0.008501|8.161460|-0.000000
563.000000|95.302813|4603.416064|-0.000000|8.161464|-0.008501|8.161460|-0.000000
564.000000|95.294312|4611.577523|-0.000000|8.161464|-0.008501|8.161459|-0.000000
565.000000|95.285811|4619.738982|-0.000000|8.161463|-0.008501|8.161459|-0.000000
566.000000|95.277309|4627.900441|-0.000000|8.161463|-0.008501|8.161459|-0.000000
567.000000|95.268808|4636.061900|-0.000000|8.161463|-0.008501|8.161458|-0.000000
568.000000|95.260306|4644.223358|-0.000000|8.161463|-0.008501|8.161458|-0.000000
569.000000|95.251805|4652.384815|-0.000000|8.161462|-0.008501|8.161458|-0.000000
570.000000|95.243304|4660.546273|-0.000000|8.161462|-0.008501|8.161457|-0.000000
571.000000|95.234802|4668.707730|-0.000000|8.161462|-0.008501|8.161457|-0.000000
572.000000|95.226301|4676.869187|-0.000000|8.161461|-0.008501|8.161457|-0.000000
573.000000|95.217799|4685.030643|-0.000000|8.161461|-0.008501|8.161457|-0.000000
574.000000|95.209298|4693.192100|-0.000000|8.161461|-0.008501|8.161456|-0.000000
575.000000|95.200796|4701.353556|-0.000000|8.161460|-0.008501|8.161456|-0.000000
576.000000|95.192295|4709.515011|-0.000000|8.161460|-0.008501|8.161456|-0.000000
577.000000|95.183793|4717.676467|-0.000000|8.161460|-0.008501|8.161455|-0.000000
578.000000|95.175292|4725.837922|-0.000000|8.161459|-0.008501|8.161455|-0.000000
579.000000|95.166790|4733.999376|-0.000000|8.161459|-0.008501|8.161455|-0.000000
580.000000|95.158289|4742.160831|-0.000000|8.161459|-0.008502|8.161454|-0.000000
581.000000|95.149787|4750.322285|-0.000000|8.161459|-0.008502|8.161454|-0.000000
582.000000|95.141286|4758.483739|-0.000000|8.161458|-0.008502|8.161454|-0.000000
583.000000|95.132784|4766.645192|-0.000000|8.161458|-0.008502|8.161454|-0.000000
584.000000|95.124283|4774.806646|-0.000000|8.161458|-0.008502|8.161453|-0.000000
585.000000|95.115781|4782.968099|-0.000000|8.161457|-0.008502|8.161453|-0.000000
586.000000|95.107280|4791.129551|-0.000000|8.161457|-0.008502|8.161453|-0.000000
587.000000|95.098778|4799.291004|-0.000000|8.161457|-0.008502|8.161452|-0.000000
588.000000|95.090277|4807.452456|-0.000000|8.161457|-0.008502|8.161452|-0.000000
589.000000|95.081775|4815.613908|-0.000000|8.161456|-0.008502|8.161452|-0.000000
590.000000|95.073273|4823.775359|-0.000000|8.161456|-0.008502|8.161452|-0.000000
591.000000|95.064772|4831.936810|-0.000000|8.161456|-0.008502|8.161451|-0.000000
592.000000|95.056270|4840.098261|-0.000000|8.161455|-0.008502|8.161451|-0.000000
593.000000|95.047769|4848.259712|-0.000000|8.161455|-0.008502|8.161451|-0.000000
594.000000|95.039267|4856.421162|-0.000000|8.161455|-0.008502|8.161450|-0.000000
595.000000|95.030766|4864.582613|-0.000000|8.161455|-0.008502|8.161450|-0.000000
596.000000|95.022264|4872.744062|-0.000000|8.161454|-0.008502|8.161450|-0.000000
597.000000|95.013762|4880.905512|-0.000000|8.161454|-0.008502|8.161450|-0.000000
598.000000|95.005261|4889.066961|-0.000000|8.161454|-0.008502|8.161449|-0.000000
599.000000|94.996759|4897.228410|-0.000000|8.161453|-0.008502|8.161449|-0.000000
600.000000|94.988258|4905.389859|-0.000000|8.161453|-0.008502|8.161449|-0.000000
601.000000|94.979756|4913.551307|-0.000000|8.161453|-0.008502|8.161448|-0.000000
602.000000|94.971254|4921.712755|-0.000000|8.161453|-0.008502|8.161448|-0.000000
603.000000|94.962753|4929.874203|-0.000000|8.161452|-0.008502|8.161448|-0.000000
604.000000|94.954251|4938.035651|-0.000000|8.161452|-0.008502|8.161448|-0.000000
605.000000|94.945749|4946.197098|-0.000000|8.161452|-0.008502|8.161447|-0.000000
606.000000|94.937248|4954.358545|-0.000000|8.161451|-0.008502|8.161447|-0.000000
607.000000|94.928746|4962.519992|-0.000000|8.161451|-0.008502|8.161447|-0.000000
608.000000|94.920244|4970.681439|-0.000000|8.161451|-0.008502|8.161447|-0.000000
609.000000|94.911743|4978.842885|-0.000000|8.161451|-0.008502|8.161446|-0.000000
610.000000|94.903241|4987.004331|-0.000000|8.161450|-0.008502|8.161446|-0.000000
611.000000|94.894739|4995.165777|-0.000000|8.161450|-0.008502|8.161446|-0.000000
612.000000|94.886238|5003.327222|-0.000000|8.161450|-0.008502|8.161445|-0.000000
613.000000|94.877736|5011.488667|-0.000000|8.161450|-0.008502|8.161445|-0.000000
614.000000|94.869234|5019.650112|-0.000000|8.161449|-0.008502|8.161445|-0.000000
615.000000|94.860733|5027.811557|-0.000000|8.161449|-0.008502|8.161445|-0.000000
616.000000|94.852231|5035.973001|-0.000000|8.161449|-0.008502|8.161444|-0.000000
617.000000|94.843729|5044.134445|-0.000000|8.161449|-0.008502|8.161444|-0.000000
618.000000|94.835228|5052.295889|-0.000000|8.161448|-0.008502|8.161444|-0.000000
619.000000|94.826726|5060.457333|-0.000000|8.161448|-0.008502|8.161444|-0.000000
620.000000|94.818224|5068.618776|-0.000000|8.161448|-0.008502|8.161443|-0.000000
621.000000|94.809722|5076.780219|-0.000000|8.161447|-0.008502|8.161443|-0.000000
622.000000|94.801221|5084.941662|-0.000000|8.161447|-0.008502|8.161443|-0.000000
623.000000|94.792719|5093.103104|-0.000000|8.161447|-0.008502|8.161443|-0.000000
624.000000|94.784217|5101.264547|-0.000000|8.161447|-0.008502|8.161442|-0.000000
625.000000|94.775715|5109.425989|-0.000000|8.161446|-0.008502|8.161442|-0.000000
626.000000|94.767214|5117.587431|-0.000000|8.161446|-0.008502|8.161442|-0.000000
627.000000|94.758712|5125.748872|-0.000000|8.161446|-0.008502|8.161442|-0.000000
628.000000|94.750210|5133.910313|-0.000000|8.161446|-0.008502|8.161441|-0.000000
629.000000|94.741708|5142.071754|-0.000000|8.161445|-0.008502|8.161441|-0.000000
630.000000|94.733207|5150.233195|-0.000000|8.161445|-0.008502|8.161441|-0.000000
631.000000|94.724705|5158.394636|-0.000000|8.161445|-0.008502|8.161441|-0.000000
632.000000|94.716203|5166.556076|-0.000000|8.161445|-0.008502|8.161440|-0.000000
633.000000|94.707701|5174.717516|-0.000000|8.161444|-0.008502|8.161440|-0.000000
634.000000|94.699200|5182.878956|-0.000000|8.161444|-0.008502|8.161440|-0.000000
635.000000|94.690698|5191.040395|-0.000000|8.161444|-0.008502|8.161440|-0.000000
636.000000|94.682196|5199.201835|-0.000000|8.161444|-0.008502|8.161439|-0.000000
637.000000|94.673694|5207.363274|-0.000000|8.161443|-0.008502|8.161439|-0.000000
638.000000|94.665192|5215.524712|-0.000000|8.161443|-0.008502|8.161439|-0.000000
639.000000|94.656691|5223.686151|-0.000000|8.161443|-0.008502|8.161439|-0.000000
640.000000|94.648189|5231.847589|-0.000000|8.161443|-0.008502|8.161438|-0.000000
641.000000|94.639687|5240.009027|-0.000000|8.161442|-0.008502|8.161438|-0.000000
642.000000|94.631185|5248.170465|-0.000000|8.161442|-0.008502|8.161438|-0.000000
643.000000|94.622683|5256.331903|-0.000000|8.161442|-0.008502|8.161438|-0.000000
644.000000|94.614181|5264.493340|-0.000000|8.161442|-0.008502|8.161437|-0.000000
645.000000|94.605680|5272.654777|-0.000000|8.161442|-0.008502|8.161437|-0.000000
646.000000|94.597178|5280.816214|-0.000000|8.161441|-0.008502|8.161437|-0.000000
647.000000|94.588676|5288.977650|-0.000000|8.161441|-0.008502|8.161437|-0.000000
648.000000|94.580174|5297.139087|-0.000000|8.161441|-0.008502|8.161436|-0.000000
649.000000|94.571672|5305.300523|-0.000000|8.161441|-0.008502|8.161436|-0.000000
650.000000|94.563170|5313.461959|-0.000000|8.161440|-0.008502|8.161436|-0.000000
651.000000|94.554669|5321.623394|-0.000000|8.161440|-0.008502|8.161436|-0.000000
652.000000|94.546167|5329.784830|-0.000000|8.161440|-0.008502|8.161435|-0.000000
653.000000|94.537665|5337.946265|-0.000000|8.161440|-0.008502|8.161435|-0.000000
654.000000|94.529163|5346.107700|-0.000000|8.161439|-0.008502|8.161435|-0.000000
655.000000|94.520661|5354.269135|-0.000000|8.161439|-0.008502|8.161435|-0.000000
656.000000|94.512159|5362.430569|-0.000000|8.161439|-0.008502|8.161434|-0.000000
657.000000|94.503657|5370.592003|-0.000000|8.161439|-0.008502|8.161434|-0.000000
658.000000|94.495155|5378.753437|-0.000000|8.161438|-0.008502|8.161434|-0.000000
659.000000|94.486654|5386.914871|-0.000000|8.161438|-0.008502|8.161434|-0.000000
660.000000|94.478152|5395.076305|-0.000000|8.161438|-0.008502|8.161434|-0.000000
661.000000|94.469650|5403.237738|-0.000000|8.161438|-0.008502|8.161433|-0.000000
662.000000|94.461148|5411.399171|-0.000000|8.161438|-0.008502|8.161433|-0.000000
663.000000|94.452646|5419.560604|-0.000000|8.161437|-0.008502|8.161433|-0.000000
664.000000|94.444144|5427.722037|-0.000000|8.161437|-0.008502|8.161433|-0.000000
665.000000|94.435642|5435.883469|-0.000000|8.161437|-0.008502|8.161432|-0.000000
666.000000|94.427140|5444.044901|-0.000000|8.161437|-0.008502|8.161432|-0.000000
667.000000|94.418638|5452.206333|-0.000000|8.161436|-0.008502|8.161432|-0.000000
668.000000|94.410136|5460.367765|-0.000000|8.161436|-0.008502|8.161432|-0.000000
669.000000|94.401634|5468.529197|-0.000000|8.161436|-0.008502|8.161432|-0.000000
670.000000|94.393132|5476.690628|-0.000000|8.161436|-0.008502|8.161431|-0.000000
671.000000|94.384631|5484.852059|-0.000000|8.161436|-0.008502|8.161431|-0.000000
672.000000|94.376129|5493.013490|-0.000000|8.161435|-0.008502|8.161431|-0.000000
673.000000|94.367627|5501.174920|-0.000000|8.161435|-0.008502|8.161431|-0.000000
674.000000|94.359125|5509.336351|-0.000000|8.161435|-0.008502|8.161430|-0.000000
675.000000|94.350623|5517.497781|-0.000000|8.161435|-0.008502|8.161430|-0.000000
676.000000|94.342121|5525.659211|-0.000000|8.161434|-0.008502|8.161430|-0.000000
677.000000|94.333619|5533.820641|-0.000000|8.161434|-0.008502|8.161430|-0.000000
678.000000|94.325117|5541.982070|-0.000000|8.161434|-0.008502|8.161430|-0.000000
679.000000|94.316615|5550.143500|-0.000000|8.161434|-0.008502|8.161429|-0.000000
680.000000|94.308113|5558.304929|-0.000000|8.161434|-0.008502|8.161429|-0.000000
681.000000|94.299611|5566.466358|-0.000000|8.161433|-0.008502|8.161429|-0.000000
682.000000|94.291109|5574.627786|-0.000000|8.161433|-0.008502|8.161429|-0.000000
683.000000|94.282607|5582.789215|-0.000000|8.161433|-0.008502|8.161428|-0.000000
684.000000|94.274105|5590.950643|-0.000000|8.161433|-0.008502|8.161428|-0.000000
685.000000|94.265603|5599.112071|-0.000000|8.161432|-0.008502|8.161428|-0.000000
686.000000|94.257101|5607.273499|-0.000000|8.161432|-0.008502|8.161428|-0.000000
687.000000|94.248599|5615.434926|-0.000000|8.161432|-0.008502|8.161428|-0.000000
688.000000|94.240097|5623.596354|-0.000000|8.161432|-0.008502|8.161427|-0.000000
689.000000|94.231595|5631.757781|-0.000000|8.161432|-0.008502|8.161427|-0.000000
690.000000|94.223093|5639.919208|-0.000000|8.161431|-0.008502|8.161427|-0.000000
691.000000|94.214591|5648.080635|-0.000000|8.161431|-0.008502|8.161427|-0.000000
692.000000|94.206089|5656.242061|-0.000000|8.161431|-0.008502|8.161427|-0.000000
693.000000|94.197587|5664.403488|-0.000000|8.161431|-0.008502|8.161426|-0.000000
694.000000|94.189085|5672.564914|-0.000000|8.161431|-0.008502|8.161426|-0.000000
695.000000|94.180583|5680.726340|-0.000000|8.161430|-0.008502|8.161426|-0.000000
696.000000|94.172081|5688.887765|-0.000000|8.161430|-0.008502|8.161426|-0.000000
697.000000|94.163579|5697.049191|-0.000000|8.161430|-0.008502|8.161426|-0.000000
698.000000|94.155077|5705.210616|-0.000000|8.161430|-0.008502|8.161425|-0.000000
699.000000|94.146575|5713.372041|-0.000000|8.161430|-0.008502|8.161425|-0.000000
700.000000|94.138073|5721.533466|-0.000000|8.161429|-0.008502|8.161425|-0.000000
701.000000|94.129571|5729.694891|-0.000000|8.161429|-0.008502|8.161425|-0.000000
702.000000|94.121069|5737.856315|-0.000000|8.161429|-0.008502|8.161424|-0.000000
703.000000|94.112567|5746.017740|-0.000000|8.161429|-0.008502|8.161424|-0.000000
704.000000|94.104065|5754.179164|-0.000000|8.161429|-0.008502|8.161424|-0.000000
705.000000|94.095562|5762.340588|-0.000000|8.161428|-0.008502|8.161424|-0.000000
706.000000|94.087060|5770.502011|-0.000000|8.161428|-0.008502|8.161424|-0.000000
707.000000|94.078558|5778.663435|-0.000000|8.161428|-0.008502|8.161423|-0.000000
708.000000|94.070056|5786.824858|-0.000000|8.161428|-0.008502|8.161423|-0.000000
709.000000|94.061554|5794.986281|-0.000000|8.161428|-0.008502|8.161423|-0.000000
710.000000|94.053052|5803.147704|-0.000000|8.161427|-0.008502|8.161423|-0.000000
711.000000|94.044550|5811.309127|-0.000000|8.161427|-0.008502|8.161423|-0.000000
712.000000|94.036048|5819.470549|-0.000000|8.161427|-0.008502|8.161422|-0.000000
713.000000|94.027546|5827.631972|-0.000000|8.161427|-0.008502|8.161422|-0.000000
714.000000|94.019044|5835.793394|-0.000000|8.161427|-0.008502|8.161422|-0.000000
715.000000|94.010542|5843.954816|-0.000000|8.161426|-0.008502|8.161422|-0.000000
716.000000|94.002040|5852.116237|-0.000000|8.161426|-0.008502|8.161422|-0.000000
717.000000|93.993538|5860.277659|-0.000000|8.161426|-0.008502|8.161422|-0.000000
718.000000|93.985035|5868.439080|-0.000000|8.161426|-0.008502|8.161421|-0.000000
719.000000|93.976533|5876.600501|-0.000000|8.161426|-0.008502|8.161421|-0.000000
720.000000|93.968031|5884.761922|-0.000000|8.161425|-0.008502|8.161421|-0.000000
721.000000|93.959529|5892.923343|-0.000000|8.161425|-0.008502|8.161421|-0.000000
722.000000|93.951027|5901.084763|-0.000000|8.161425|-0.008502|8.161421|-0.000000
723.000000|93.942525|5909.246184|-0.000000|8.161425|-0.008502|8.161420|-0.000000
724.000000|93.934023|5917.407604|-0.000000|8.161425|-0.008502|8.161420|-0.000000
725.000000|93.925521|5925.569024|-0.000000|8.161424|-0.008502|8.161420|-0.000000
726.000000|93.917019|5933.730444|-0.000000|8.161424|-0.008502|8.161420|-0.000000
727.000000|93.908516|5941.891863|-0.000000|8.161424|-0.008502|8.161420|-0.000000
728.000000|93.900014|5950.053283|-0.000000|8.161424|-0.008502|8.161419|-0.000000
729.000000|93.891512|5958.214702|-0.000000|8.161424|-0.008502|8.161419|-0.000000
730.000000|93.883010|5966.376121|-0.000000|8.161423|-0.008502|8.161419|-0.000000
731.000000|93.874508|5974.537540|-0.000000|8.161423|-0.008502|8.161419|-0.000000
732.000000|93.866006|5982.698958|-0.000000|8.161423|-0.008502|8.161419|-0.000000
733.000000|93.857504|5990.860377|-0.000000|8.161423|-0.008502|8.161418|-0.000000
734.000000|93.849001|5999.021795|-0.000000|8.161423|-0.008502|8.161418|-0.000000
735.000000|93.840499|6007.183213|-0.000000|8.161423|-0.008502|8.161418|-0.000000
736.000000|93.831997|6015.344631|-0.000000|8.161422|-0.008502|8.161418|-0.000000
737.000000|93.823495|6023.506049|-0.000000|8.161422|-0.008502|8.161418|-0.000000
738.000000|93.814993|6031.667466|-0.000000|8.161422|-0.008502|8.161418|-0.000000
739.000000|93.806491|6039.828884|-0.000000|8.161422|-0.008502|8.161417|-0.000000
740.000000|93.797988|6047.990301|-0.000000|8.161422|-0.008502|8.161417|-0.000000
741.000000|93.789486|6056.151718|-0.000000|8.161421|-0.008502|8.161417|-0.000000
742.000000|93.780984|6064.313135|-0.000000|8.161421|-0.008502|8.161417|-0.000000
743.000000|93.772482|6072.474551|-0.000000|8.161421|-0.008502|8.161417|-0.000000
744.000000|93.763980|6080.635968|-0.000000|8.161421|-0.008502|8.161416|-0.000000
745.000000|93.755478|6088.797384|-0.000000|8.161421|-0.008502|8.161416|-0.000000
746.000000|93.746975|6096.958800|-0.000000|8.161421|-0.008502|8.161416|-0.000000
747.000000|93.738473|6105.120216|-0.000000|8.161420|-0.008502|8.161416|-0.000000
748.000000|93.729971|6113.281632|-0.000000|8.161420|-0.008502|8.161416|-0.000000
749.000000|93.721469|6121.443047|-0.000000|8.161420|-0.008502|8.161416|-0.000000
750.000000|93.712967|6129.604463|-0.000000|8.161420|-0.008502|8.161415|-0.000000
751.000000|93.704464|6137.765878|-0.000000|8.161420|-0.008502|8.161415|-0.000000
752.000000|93.695962|6145.927293|-0.000000|8.161419|-0.008502|8.161415|-0.000000
753.000000|93.687460|6154.088708|-0.000000|8.161419|-0.008502|8.161415|-0.000000
754.000000|93.678958|6162.250123|-0.000000|8.161419|-0.008502|8.161415|-0.000000
755.000000|93.670456|6170.411537|-0.000000|8.161419|-0.008502|8.161414|-0.000000
756.000000|93.661953|6178.572951|-0.000000|8.161419|-0.008502|8.161414|-0.000000
757.000000|93.653451|6186.734365|-0.000000|8.161419|-0.008502|8.161414|-0.000000
758.000000|93.644949|6194.895779|-0.000000|8.161418|-0.008502|8.161414|-0.000000
759.000000|93.636447|6203.057193|-0.000000|8.161418|-0.008502|8.161414|-0.000000
760.000000|93.627945|6211.218607|-0.000000|8.161418|-0.008502|8.161414|-0.000000
761.000000|93.619442|6219.380020|-0.000000|8.161418|-0.008502|8.161413|-0.000000
762.000000|93.610940|6227.541434|-0.000000|8.161418|-0.008502|8.161413|-0.000000
763.000000|93.602438|6235.702847|-0.000000|8.161418|-0.008502|8.161413|-0.000000
764.000000|93.593936|6243.864260|-0.000000|8.161417|-0.008502|8.161413|-0.000000
765.000000|93.585433|6252.025672|-0.000000|8.161417|-0.008502|8.161413|-0.000000
766.000000|93.576931|6260.187085|-0.000000|8.161417|-0.008502|8.161413|-0.000000
767.000000|93.568429|6268.348497|-0.000000|8.161417|-0.008502|8.161412|-0.000000
768.000000|93.559927|6276.509910|-0.000000|8.161417|-0.008502|8.161412|-0.000000
769.000000|93.551424|6284.671322|-0.000000|8.161417|-0.008502|8.161412|-0.000000
770.000000|93.542922|6292.832734|-0.000000|8.161416|-0.008502|8.161412|-0.000000
771.000000|93.534420|6300.994145|-0.000000|8.161416|-0.008502|8.161412|-0.000000
772.000000|93.525918|6309.155557|-0.000000|8.161416|-0.008502|8.161412|-0.000000
773.000000|93.517415|6317.316968|-0.000000|8.161416|-0.008502|8.161411|-0.000000
774.000000|93.508913|6325.478380|-0.000000|8.161416|-0.008502|8.161411|-0.000000
775.000000|93.500411|6333.639791|-0.000000|8.161416|-0.008502|8.161411|-0.000000
776.000000|93.491909|6341.801202|-0.000000|8.161415|-0.008502|8.161411|-0.000000
777.000000|93.483406|6349.962612|-0.000000|8.161415|-0.008502|8.161411|-0.000000
778.000000|93.474904|6358.124023|-0.000000|8.161415|-0.008502|8.161411|-0.000000
779.000000|93.466402|6366.285433|-0.000000|8.161415|-0.008502|8.161410|-0.000000
780.000000|93.457900|6374.446844|-0.000000|8.161415|-0.008502|8.161410|-0.000000
781.000000|93.449397|6382.608254|-0.000000|8.161415|-0.008502|8.161410|-0.000000
782.000000|93.440895|6390.769664|-0.000000|8.161414|-0.008502|8.161410|-0.000000
783.000000|93.432393|6398.931073|-0.000000|8.161414|-0.008502|8.161410|-0.000000
784.000000|93.423891|6407.092483|-0.000000|8.161414|-0.008502|8.161410|-0.000000
785.000000|93.415388|6415.253892|-0.000000|8.161414|-0.008502|8.161409|-0.000000
786.000000|93.406886|6423.415302|-0.000000|8.161414|-0.008502|8.161409|-0.000000
787.000000|93.398384|6431.576711|-0.000000|8.161414|-0.008502|8.161409|-0.000000
788.000000|93.389881|6439.738120|-0.000000|8.161413|-0.008502|8.161409|-0.000000
789.000000|93.381379|6447.899528|-0.000000|8.161413|-0.008502|8.161409|-0.000000
790.000000|93.372877|6456.060937|-0.000000|8.161413|-0.008502|8.161409|-0.000000
791.000000|93.364374|6464.222346|-0.000000|8.161413|-0.008502|8.161408|-0.000000
792.000000|93.355872|6472.383754|-0.000000|8.161413|-0.008502|8.161408|-0.000000
793.000000|93.347370|6480.545162|-0.000000|8.161413|-0.008502|8.161408|-0.000000
794.000000|93.338868|6488.706570|-0.000000|8.161412|-0.008502|8.161408|-0.000000
795.000000|93.330365|6496.867978|-0.000000|8.161412|-0.008502|8.161408|-0.000000
796.000000|93.321863|6505.029385|-0.000000|8.161412|-0.008502|8.161408|-0.000000
797.000000|93.313361|6513.190793|-0.000000|8.161412|-0.008502|8.161408|-0.000000
798.000000|93.304858|6521.352200|-0.000000|8.161412|-0.008502|8.161407|-0.000000
799.000000|93.296356|6529.513607|-0.000000|8.161412|-0.008502|8.161407|-0.000000
800.000000|93.287854|6537.675015|-0.000000|8.161411|-0.008502|8.161407|-0.000000
801.000000|93.279351|6545.836421|-0.000000|8.161411|-0.008502|8.161407|-0.000000
802.000000|93.270849|6553.997828|-0.000000|8.161411|-0.008502|8.161407|-0.000000
803.000000|93.262347|6562.159235|-0.000000|8.161411|-0.008502|8.161407|-0.000000
804.000000|93.253844|6570.320641|-0.000000|8.161411|-0.008502|8.161406|-0.000000
805.000000|93.245342|6578.482047|-0.000000|8.161411|-0.008502|8.161406|-0.000000
806.000000|93.236840|6586.643454|-0.000000|8.161411|-0.008502|8.161406|-0.000000
807.000000|93.228337|6594.804859|-0.000000|8.161410|-0.008502|8.161406|-0.000000
808.000000|93.219835|6602.966265|-0.000000|8.161410|-0.008502|8.161406|-0.000000
809.000000|93.211333|6611.127671|-0.000000|8.161410|-0.008502|8.161406|-0.000000
810.000000|93.202830|6619.289076|-0.000000|8.161410|-0.008502|8.161405|-0.000000
811.000000|93.194328|6627.450482|-0.000000|8.161410|-0.008502|8.161405|-0.000000
812.000000|93.185826|6635.611887|-0.000000|8.161410|-0.008502|8.161405|-0.000000
813.000000|93.177323|6643.773292|-0.000000|8.161409|-0.008502|8.161405|-0.000000
814.000000|93.168821|6651.934697|-0.000000|8.161409|-0.008502|8.161405|-0.000000
815.000000|93.160319|6660.096102|-0.000000|8.161409|-0.008502|8.161405|-0.000000
816.000000|93.151816|6668.257506|-0.000000|8.161409|-0.008502|8.161405|-0.000000
817.000000|93.143314|6676.418911|-0.000000|8.161409|-0.008502|8.161404|-0.000000
818.000000|93.134812|6684.580315|-0.000000|8.161409|-0.008502|8.161404|-0.000000
819.000000|93.126309|6692.741719|-0.000000|8.161409|-0.008502|8.161404|-0.000000
820.000000|93.117807|6700.903123|-0.000000|8.161408|-0.008502|8.161404|-0.000000
821.000000|93.109305|6709.064527|-0.000000|8.161408|-0.008502|8.161404|-0.000000
822.000000|93.100802|6717.225931|-0.000000|8.161408|-0.008502|8.161404|-0.000000
823.000000|93.092300|6725.387334|-0.000000|8.161408|-0.008502|8.161404|-0.000000
824.000000|93.083797|6733.548738|-0.000000|8.161408|-0.008502|8.161403|-0.000000
825.000000|93.075295|6741.710141|-0.000000|8.161408|-0.008502|8.161403|-0.000000
826.000000|93.066793|6749.871544|-0.000000|8.161408|-0.008502|8.161403|-0.000000
827.000000|93.058290|6758.032947|-0.000000|8.161407|-0.008502|8.161403|-0.000000
828.000000|93.049788|6766.194350|-0.000000|8.161407|-0.008502|8.161403|-0.000000
829.000000|93.041286|6774.355752|-0.000000|8.161407|-0.008502|8.161403|-0.000000
830.000000|93.032783|6782.517155|-0.000000|8.161407|-0.008502|8.161403|-0.000000
831.000000|93.024281|6790.678557|-0.000000|8.161407|-0.008502|8.161402|-0.000000
832.000000|93.015778|6798.839959|-0.000000|8.161407|-0.008502|8.161402|-0.000000
833.000000|93.007276|6807.001362|-0.000000|8.161407|-0.008502|8.161402|-0.000000
834.000000|92.998774|6815.162763|-0.000000|8.161406|-0.008502|8.161402|-0.000000
835.000000|92.990271|6823.324165|-0.000000|8.161406|-0.008502|8.161402|-0.000000
836.000000|92.981769|6831.485567|-0.000000|8.161406|-0.008502|8.161402|-0.000000
837.000000|92.973266|6839.646968|-0.000000|8.161406|-0.008502|8.161402|-0.000000
838.000000|92.964764|6847.808370|-0.000000|8.161406|-0.008502|8.161401|-0.000000
839.000000|92.956262|6855.969771|-0.000000|8.161406|-0.008502|8.161401|-0.000000
840.000000|92.947759|6864.131172|-0.000000|8.161406|-0.008502|8.161401|-0.000000
841.000000|92.939257|6872.292573|-0.000000|8.161405|-0.008502|8.161401|-0.000000
842.000000|92.930754|6880.453974|-0.000000|8.161405|-0.008502|8.161401|-0.000000
843.000000|92.922252|6888.615375|-0.000000|8.161405|-0.008502|8.161401|-0.000000
844.000000|92.913750|6896.776775|-0.000000|8.161405|-0.008502|8.161401|-0.000000
845.000000|92.905247|6904.938175|-0.000000|8.161405|-0.008502|8.161400|-0.000000
846.000000|92.896745|6913.099576|-0.000000|8.161405|-0.008502|8.161400|-0.000000
847.000000|92.888242|6921.260976|-0.000000|8.161405|-0.008502|8.161400|-0.000000
848.000000|92.879740|6929.422376|-0.000000|8.161404|-0.008502|8.161400|-0.000000
849.000000|92.871238|6937.583776|-0.000000|8.161404|-0.008502|8.161400|-0.000000
850.000000|92.862735|6945.745175|-0.000000|8.161404|-0.008502|8.161400|-0.000000
851.000000|92.854233|6953.906575|-0.000000|8.161404|-0.008502|8.161400|-0.000000
852.000000|92.845730|6962.067974|-0.000000|8.161404|-0.008502|8.161399|-0.000000
853.000000|92.837228|6970.229373|-0.000000|8.161404|-0.008502|8.161399|-0.000000
854.000000|92.828725|6978.390773|-0.000000|8.161404|-0.008502|8.161399|-0.000000
855.000000|92.820223|6986.552172|-0.000000|8.161403|-0.008502|8.161399|-0.000000
856.000000|92.811721|6994.713570|-0.000000|8.161403|-0.008502|8.161399|-0.000000
857.000000|92.803218|7002.874969|-0.000000|8.161403|-0.008502|8.161399|-0.000000
858.000000|92.794716|7011.036368|-0.000000|8.161403|-0.008502|8.161399|-0.000000
859.000000|92.786213|7019.197766|-0.000000|8.161403|-0.008502|8.161398|-0.000000
860.000000|92.777711|7027.359165|-0.000000|8.161403|-0.008502|8.161398|-0.000000
861.000000|92.769208|7035.520563|-0.000000|8.161403|-0.008502|8.161398|-0.000000
862.000000|92.760706|7043.681961|-0.000000|8.161402|-0.008502|8.161398|-0.000000
863.000000|92.752204|7051.843359|-0.000000|8.161402|-0.008502|8.161398|-0.000000
864.000000|92.743701|7060.004756|-0.000000|8.161402|-0.008502|8.161398|-0.000000
865.000000|92.735199|7068.166154|-0.000000|8.161402|-0.008502|8.161398|-0.000000
866.000000|92.726696|7076.327552|-0.000000|8.161402|-0.008502|8.161398|-0.000000
867.000000|92.718194|7084.488949|-0.000000|8.161402|-0.008502|8.161397|-0.000000
868.000000|92.709691|7092.650346|-0.000000|8.161402|-0.008502|8.161397|-0.000000
869.000000|92.701189|7100.811743|-0.000000|8.161402|-0.008502|8.161397|-0.000000
870.000000|92.692686|7108.973140|-0.000000|8.161401|-0.008502|8.161397|-0.000000
871.000000|92.684184|7117.134537|-0.000000|8.161401|-0.008502|8.161397|-0.000000
872.000000|92.675682|7125.295934|-0.000000|8.161401|-0.008502|8.161397|-0.000000
873.000000|92.667179|7133.457330|-0.000000|8.161401|-0.008502|8.161397|-0.000000
874.000000|92.658677|7141.618727|-0.000000|8.161401|-0.008502|8.161396|-0.000000
875.000000|92.650174|7149.780123|-0.000000|8.161401|-0.008502|8.161396|-0.000000
876.000000|92.641672|7157.941519|-0.000000|8.161401|-0.008502|8.161396|-0.000000
877.000000|92.633169|7166.102915|-0.000000|8.161400|-0.008502|8.161396|-0.000000
878.000000|92.624667|7174.264311|-0.000000|8.161400|-0.008502|8.161396|-0.000000
879.000000|92.616164|7182.425707|-0.000000|8.161400|-0.008502|8.161396|-0.000000
880.000000|92.607662|7190.587103|-0.000000|8.161400|-0.008502|8.161396|-0.000000
881.000000|92.599159|7198.748498|-0.000000|8.161400|-0.008502|8.161396|-0.000000
882.000000|92.590657|7206.909894|-0.000000|8.161400|-0.008502|8.161395|-0.000000
883.000000|92.582154|7215.071289|-0.000000|8.161400|-0.008502|8.161395|-0.000000
884.000000|92.573652|7223.232684|-0.000000|8.161400|-0.008502|8.161395|-0.000000
885.000000|92.565149|7231.394079|-0.000000|8.161399|-0.008502|8.161395|-0.000000
886.000000|92.556647|7239.555474|-0.000000|8.161399|-0.008502|8.161395|-0.000000
887.000000|92.548144|7247.716869|-0.000000|8.161399|-0.008502|8.161395|-0.000000
888.000000|92.539642|7255.878264|-0.000000|8.161399|-0.008502|8.161395|-0.000000
889.000000|92.531139|7264.039658|-0.000000|8.161399|-0.008502|8.161395|-0.000000
890.000000|92.522637|7272.201053|-0.000000|8.161399|-0.008502|8.161394|-0.000000
891.000000|92.514135|7280.362447|-0.000000|8.161399|-0.008502|8.161394|-0.000000
892.000000|92.505632|7288.523841|-0.000000|8.161399|-0.008502|8.161394|-0.000000
893.000000|92.497130|7296.685235|-0.000000|8.161398|-0.008502|8.161394|-0.000000
894.000000|92.488627|7304.846629|-0.000000|8.161398|-0.008502|8.161394|-0.000000
895.000000|92.480125|7313.008023|-0.000000|8.161398|-0.008502|8.161394|-0.000000
896.000000|92.471622|7321.169416|-0.000000|8.161398|-0.008502|8.161394|-0.000000
897.000000|92.463120|7329.330810|-0.000000|8.161398|-0.008502|8.161394|-0.000000
898.000000|92.454617|7337.492203|-0.000000|8.161398|-0.008503|8.161393|-0.000000
899.000000|92.446115|7345.653596|-0.000000|8.161398|-0.008503|8.161393|-0.000000
900.000000|92.437612|7353.814990|-0.000000|8.161398|-0.008503|8.161393|-0.000000
901.000000|92.429110|7361.976383|-0.000000|8.161397|-0.008503|8.161393|-0.000000
902.000000|92.420607|7370.137776|-0.000000|8.161397|-0.008503|8.161393|-0.000000
903.000000|92.412105|7378.299168|-0.000000|8.161397|-0.008503|8.161393|-0.000000
904.000000|92.403602|7386.460561|-0.000000|8.161397|-0.008503|8.161393|-0.000000
905.000000|92.395099|7394.621953|-0.000000|8.161397|-0.008503|8.161393|-0.000000
906.000000|92.386597|7402.783346|-0.000000|8.161397|-0.008503|8.161392|-0.000000
907.000000|92.378094|7410.944738|-0.000000|8.161397|-0.008503|8.161392|-0.000000
908.000000|92.369592|7419.106130|-0.000000|8.161397|-0.008503|8.161392|-0.000000
909.000000|92.361089|7427.267522|-0.000000|8.161396|-0.008503|8.161392|-0.000000
910.000000|92.352587|7435.428914|-0.000000|8.161396|-0.008503|8.161392|-0.000000
911.000000|92.344084|7443.590306|-0.000000|8.161396|-0.008503|8.161392|-0.000000
912.000000|92.335582|7451.751698|-0.000000|8.161396|-0.008503|8.161392|-0.000000
913.000000|92.327079|7459.913089|-0.000000|8.161396|-0.008503|8.161392|-0.000000
914.000000|92.318577|7468.074481|-0.000000|8.161396|-0.008503|8.161391|-0.000000
915.000000|92.310074|7476.235872|-0.000000|8.161396|-0.008503|8.161391|-0.000000
916.000000|92.301572|7484.397263|-0.000000|8.161396|-0.008503|8.161391|-0.000000
917.000000|92.293069|7492.558654|-0.000000|8.161396|-0.008503|8.161391|-0.000000
918.000000|92.284567|7500.720045|-0.000000|8.161395|-0.008503|8.161391|-0.000000
919.000000|92.276064|7508.881436|-0.000000|8.161395|-0.008503|8.161391|-0.000000
920.000000|92.267562|7517.042827|-0.000000|8.161395|-0.008503|8.161391|-0.000000
921.000000|92.259059|7525.204218|-0.000000|8.161395|-0.008503|8.161391|-0.000000
922.000000|92.250557|7533.365608|-0.000000|8.161395|-0.008503|8.161390|-0.000000
923.000000|92.242054|7541.526998|-0.000000|8.161395|-0.008503|8.161390|-0.000000
924.000000|92.233551|7549.688389|-0.000000|8.161395|-0.008503|8.161390|-0.000000
925.000000|92.225049|7557.849779|-0.000000|8.161395|-0.008503|8.161390|-0.000000
926.000000|92.216546|7566.011169|-0.000000|8.161394|-0.008503|8.161390|-0.000000
927.000000|92.208044|7574.172559|-0.000000|8.161394|-0.008503|8.161390|-0.000000
928.000000|92.199541|7582.333949|-0.000000|8.161394|-0.008503|8.161390|-0.000000
929.000000|92.191039|7590.495338|-0.000000|8.161394|-0.008503|8.161390|-0.000000
930.000000|92.182536|7598.656728|-0.000000|8.161394|-0.008503|8.161390|-0.000000
931.000000|92.174034|7606.818117|-0.000000|8.161394|-0.008503|8.161389|-0.000000
932.000000|92.165531|7614.979507|-0.000000|8.161394|-0.008503|8.161389|-0.000000
933.000000|92.157029|7623.140896|-0.000000|8.161394|-0.008503|8.161389|-0.000000
934.000000|92.148526|7631.302285|-0.000000|8.161394|-0.008503|8.161389|-0.000000
935.000000|92.140023|7639.463674|-0.000000|8.161393|-0.008503|8.161389|-0.000000
936.000000|92.131521|7647.625063|-0.000000|8.161393|-0.008503|8.161389|-0.000000
937.000000|92.123018|7655.786451|-0.000000|8.161393|-0.008503|8.161389|-0.000000
938.000000|92.114516|7663.947840|-0.000000|8.161393|-0.008503|8.161389|-0.000000
939.000000|92.106013|7672.109229|-0.000000|8.161393|-0.008503|8.161389|-0.000000
940.000000|92.097511|7680.270617|-0.000000|8.161393|-0.008503|8.161388|-0.000000
941.000000|92.089008|7688.432005|-0.000000|8.161393|-0.008503|8.161388|-0.000000
942.000000|92.080506|7696.593394|-0.000000|8.161393|-0.008503|8.161388|-0.000000
943.000000|92.072003|7704.754782|-0.000000|8.161393|-0.008503|8.161388|-0.000000
944.000000|92.063500|7712.916170|-0.000000|8.161392|-0.008503|8.161388|-0.000000
945.000000|92.054998|7721.077557|-0.000000|8.161392|-0.008503|8.161388|-0.000000
946.000000|92.046495|7729.238945|-0.000000|8.161392|-0.008503|8.161388|-0.000000
947.000000|92.037993|7737.400333|-0.000000|8.161392|-0.008503|8.161388|-0.000000
948.000000|92.029490|7745.561720|-0.000000|8.161392|-0.008503|8.161388|-0.000000
949.000000|92.020988|7753.723108|-0.000000|8.161392|-0.008503|8.161387|-0.000000
950.000000|92.012485|7761.884495|-0.000000|8.161392|-0.008503|8.161387|-0.000000
951.000000|92.003982|7770.045882|-0.000000|8.161392|-0.008503|8.161387|-0.000000
952.000000|91.995480|7778.207269|-0.000000|8.161392|-0.008503|8.161387|-0.000000
953.000000|91.986977|7786.368656|-0.000000|8.161391|-0.008503|8.161387|-0.000000
954.000000|91.978475|7794.530043|-0.000000|8.161391|-0.008503|8.161387|-0.000000
955.000000|91.969972|7802.691430|-0.000000|8.161391|-0.008503|8.161387|-0.000000
956.000000|91.961470|7810.852816|-0.000000|8.161391|-0.008503|8.161387|-0.000000
957.000000|91.952967|7819.014203|-0.000000|8.161391|-0.008503|8.161387|-0.000000
958.000000|91.944464|7827.175589|-0.000000|8.161391|-0.008503|8.161386|-0.000000
959.000000|91.935962|7835.336976|-0.000000|8.161391|-0.008503|8.161386|-0.000000
960.000000|91.927459|7843.498362|-0.000000|8.161391|-0.008503|8.161386|-0.000000
961.000000|91.918957|7851.659748|-0.000000|8.161391|-0.008503|8.161386|-0.000000
962.000000|91.910454|7859.821134|-0.000000|8.161390|-0.008503|8.161386|-0.000000
963.000000|91.901951|7867.982520|-0.000000|8.161390|-0.008503|8.161386|-0.000000
964.000000|91.893449|7876.143906|-0.000000|8.161390|-0.008503|8.161386|-0.000000
965.000000|91.884946|7884.305291|-0.000000|8.161390|-0.008503|8.161386|-0.000000
966.000000|91.876444|7892.466677|-0.000000|8.161390|-0.008503|8.161386|-0.000000
967.000000|91.867941|7900.628062|-0.000000|8.161390|-0.008503|8.161385|-0.000000
968.000000|91.859438|7908.789448|-0.000000|8.161390|-0.008503|8.161385|-0.000000
969.000000|91.850936|7916.950833|-0.000000|8.161390|-0.008503|8.161385|-0.000000
970.000000|91.842433|7925.112218|-0.000000|8.161390|-0.008503|8.161385|-0.000000
971.000000|91.833931|7933.273603|-0.000000|8.161389|-0.008503|8.161385|-0.000000
972.000000|91.825428|7941.434988|-0.000000|8.161389|-0.008503|8.161385|-0.000000
973.000000|91.816925|7949.596373|-0.000000|8.161389|-0.008503|8.161385|-0.000000
974.000000|91.808423|7957.757757|-0.000000|8.161389|-0.008503|8.161385|-0.000000
975.000000|91.799920|7965.919142|-0.000000|8.161389|-0.008503|8.161385|-0.000000
976.000000|91.791418|7974.080526|-0.000000|8.161389|-0.008503|8.161384|-0.000000
977.000000|91.782915|7982.241911|-0.000000|8.161389|-0.008503|8.161384|-0.000000
978.000000|91.774412|7990.403295|-0.000000|8.161389|-0.008503|8.161384|-0.000000
979.000000|91.765910|7998.564679|-0.000000|8.161389|-0.008503|8.161384|-0.000000
980.000000|91.757407|8006.726063|-0.000000|8.161388|-0.008503|8.161384|-0.000000
981.000000|91.748905|8014.887447|-0.000000|8.161388|-0.008503|8.161384|-0.000000
982.000000|91.740402|8023.048831|-0.000000|8.161388|-0.008503|8.161384|-0.000000
983.000000|91.731899|8031.210215|-0.000000|8.161388|-0.008503|8.161384|-0.000000
984.000000|91.723397|8039.371599|-0.000000|8.161388|-0.008503|8.161384|-0.000000
985.000000|91.714894|8047.532982|-0.000000|8.161388|-0.008503|8.161384|-0.000000
986.000000|91.706391|8055.694366|-0.000000|8.161388|-0.008503|8.161383|-0.000000
987.000000|91.697889|8063.855749|-0.000000|8.161388|-0.008503|8.161383|-0.000000
988.000000|91.689386|8072.017132|-0.000000|8.161388|-0.008503|8.161383|-0.000000
989.000000|91.680884|8080.178515|-0.000000|8.161388|-0.008503|8.161383|-0.000000
990.000000|91.672381|8088.339898|-0.000000|8.161387|-0.008503|8.161383|-0.000000
991.000000|91.663878|8096.501281|-0.000000|8.161387|-0.008503|8.161383|-0.000000
992.000000|91.655376|8104.662664|-0.000000|8.161387|-0.008503|8.161383|-0.000000
993.000000|91.646873|8112.824047|-0.000000|8.161387|-0.008503|8.161383|-0.000000
994.000000|91.638370|8120.985429|-0.000000|8.161387|-0.008503|8.161383|-0.000000
995.000000|91.629868|8129.146812|-0.000000|8.161387|-0.008503|8.161383|-0.000000
996.000000|91.621365|8137.308194|-0.000000|8.161387|-0.008503|8.161382|-0.000000
997.000000|91.612863|8145.469577|-0.000000|8.161387|-0.008503|8.161382|-0.000000
998.000000|91.604360|8153.630959|-0.000000|8.161387|-0.008503|8.161382|-0.000000
999.000000|91.595857|8161.792341|-0.000000|8.161387|-0.008503|8.161382|-0.000000